{
  "cameras": {
    "1": {
      "model": "SIMPLE_RADIAL",
      "width": 474,
      "height": 576,
      "params": [
        691.1999999999999,
        237.0,
        288.0,
        -0.2176963315527408
      ]
    },
    "3": {
      "model": "SIMPLE_RADIAL",
      "width": 474,
      "height": 401,
      "params": [
        568.8,
        237.0,
        200.5,
        -0.019868841942137463
      ]
    },
    "81": {
      "model": "SIMPLE_RADIAL",
      "width": 474,
      "height": 474,
      "params": [
        568.8,
        237.0,
        237.0,
        -3.4019051731858423
      ]
    },
    "4": {
      "model": "SIMPLE_RADIAL",
      "width": 474,
      "height": 446,
      "params": [
        568.8,
        237.0,
        223.0,
        -0.5527754777737715
      ]
    },
    "14": {
      "model": "SIMPLE_RADIAL",
      "width": 160,
      "height": 196,
      "params": [
        235.2,
        80.0,
        98.0,
        -0.43196729750735996
      ]
    },
    "43": {
      "model": "SIMPLE_RADIAL",
      "width": 474,
      "height": 592,
      "params": [
        710.4,
        237.0,
        296.0,
        -0.565344031380754
      ]
    },
    "25": {
      "model": "SIMPLE_RADIAL",
      "width": 474,
      "height": 520,
      "params": [
        624.0,
        237.0,
        260.0,
        0.08442232592058899
      ]
    },
    "77": {
      "model": "SIMPLE_RADIAL",
      "width": 474,
      "height": 585,
      "params": [
        702.0,
        237.0,
        292.5,
        -3.2049796074916497
      ]
    },
    "26": {
      "model": "SIMPLE_RADIAL",
      "width": 474,
      "height": 474,
      "params": [
        568.8,
        237.0,
        237.0,
        -0.16864923758130473
      ]
    },
    "94": {
      "model": "SIMPLE_RADIAL",
      "width": 474,
      "height": 568,
      "params": [
        681.6,
        237.0,
        284.0,
        0.03848000228121769
      ]
    },
    "36": {
      "model": "SIMPLE_RADIAL",
      "width": 474,
      "height": 474,
      "params": [
        568.8,
        237.0,
        237.0,
        0.048321020071187014
      ]
    },
    "50": {
      "model": "SIMPLE_RADIAL",
      "width": 474,
      "height": 474,
      "params": [
        568.8,
        237.0,
        237.0,
        0.12192623070505763
      ]
    },
    "73": {
      "model": "SIMPLE_RADIAL",
      "width": 474,
      "height": 474,
      "params": [
        568.8,
        237.0,
        237.0,
        -0.533637471891137
      ]
    },
    "87": {
      "model": "SIMPLE_RADIAL",
      "width": 474,
      "height": 395,
      "params": [
        568.8,
        237.0,
        197.5,
        0.26159337594699644
      ]
    }
  },
  "images": {
    "001_c04300ef.jpg": {
      "camera_id": 1,
      "quaternion": [
        0.9999524132381633,
        -0.006615057739737716,
        -0.0071449223834985885,
        -0.0006019588086225873
      ],
      "translation": [
        2.8062984665211066,
        -0.33580119158614585,
        -1.4991726405754986
      ],
      "position": [
        -2.7849485609860922,
        0.31230750641888333,
        1.5434110482355035
      ],
      "transformation_matrix": [
        [
          0.999897175459453,
          0.001298388474929827,
          -0.014281200775005602,
          2.8062984665211066
        ],
        [
          -0.0011093321784786765,
          0.9999117573133853,
          0.01323808779905238,
          -0.33580119158614585
        ],
        [
          0.01429712874410953,
          -0.013220884003189695,
          0.9998103821904674,
          -1.4991726405754986
        ],
        [
          0.0,
          0.0,
          0.0,
          1.0
        ]
      ]
    },
    "003_7a6b2156.jpg": {
      "camera_id": 3,
      "quaternion": [
        0.9955709027016417,
        0.027795492604097135,
        0.07772805536319195,
        -0.044992640444748544
      ],
      "translation": [
        -1.8407536392470454,
        0.6152391194972805,
        0.6360385832669113
      ],
      "position": [
        1.963546471408343,
        -0.4696893203515558,
        -0.308731940253594
      ],
      "transformation_matrix": [
        [
          0.9838680234305323,
          0.09390770650097431,
          0.15226639527691077,
          -1.8407536392470454
        ],
        [
          -0.0852657481490605,
          0.9944061457934104,
          -0.06233914822064679,
          0.6152391194972805
        ],
        [
          -0.157268765695794,
          0.04835038643094437,
          0.9863715200007043,
          0.6360385832669113
        ],
        [
          0.0,
          0.0,
          0.0,
          1.0
        ]
      ]
    },
    "081_4d677d83.jpg": {
      "camera_id": 81,
      "quaternion": [
        0.9864812430295858,
        -0.05269939164522547,
        -0.1375986854794462,
        -0.07172261167410794
      ],
      "translation": [
        6.647451832757119,
        -3.8465723672575067,
        -0.20404258993883845
      ],
      "position": [
        -6.758935378611025,
        2.7313837724132526,
        2.425428510478454
      ],
      "transformation_matrix": [
        [
          0.9518449374579471,
          0.15600875626710364,
          -0.2639175685771378,
          6.647451832757119
        ],
        [
          -0.12700328820330553,
          0.9841572821897365,
          0.12371179692519005,
          -3.8465723672575067
        ],
        [
          0.2790365205868667,
          -0.08423604858314993,
          0.9565787517491031,
          -0.20404258993883845
        ],
        [
          0.0,
          0.0,
          0.0,
          1.0
        ]
      ]
    },
    "050_3e39c960.jpg": {
      "camera_id": 50,
      "quaternion": [
        0.9834516207897877,
        0.1453818545540917,
        0.10804268786906347,
        0.003715310267103527
      ],
      "translation": [
        -1.4380942482024928,
        1.1763728271299054,
        7.074635403655509
      ],
      "position": [
        2.854712760413964,
        -3.120630635444077,
        -5.967806438083948
      ],
      "transformation_matrix": [
        [
          0.9766259481352946,
          0.024107236858986823,
          0.21358979039238193,
          -1.4380942482024928
        ],
        [
          0.038722548474666434,
          0.9577006256720642,
          -0.2851492167742425,
          1.1763728271299054
        ],
        [
          -0.21142923560488044,
          0.28675486520434407,
          0.934381787928882,
          7.074635403655509
        ],
        [
          0.0,
          0.0,
          0.0,
          1.0
        ]
      ]
    },
    "004_777c50d0.jpg": {
      "camera_id": 4,
      "quaternion": [
        0.9961272431273627,
        0.0753641098554109,
        0.045248999385197934,
        0.0018150757064793932
      ],
      "translation": [
        0.526371831712031,
        0.965833097534092,
        3.08659827972264
      ],
      "position": [
        -0.2568879697398611,
        -1.4204846783943135,
        -2.9416358828632876
      ],
      "transformation_matrix": [
        [
          0.9958984671096363,
          0.003204208401901418,
          0.0904211051535759,
          0.526371831712031
        ],
        [
          0.01043639384015249,
          0.9886339128917626,
          -0.14998022524298316,
          0.965833097534092
        ],
        [
          -0.0898739388938199,
          0.15030874668108946,
          0.9845455580006798,
          3.08659827972264
        ],
        [
          0.0,
          0.0,
          0.0,
          1.0
        ]
      ]
    },
    "014_871b0d80.jpg": {
      "camera_id": 14,
      "quaternion": [
        0.9975038271012159,
        -0.057333059157070904,
        0.040369612610541526,
        -0.0083264412442627
      ],
      "translation": [
        -0.6533381192781702,
        -2.0823479657821387,
        -4.223301564385842
      ],
      "position": [
        0.27078555626932427,
        1.590298049741396,
        4.47179238649867
      ],
      "transformation_matrix": [
        [
          0.9966019295077614,
          0.011982287238674484,
          0.08149244685206775,
          -0.6533381192781702
        ],
        [
          -0.021240340790467334,
          0.9932871814077954,
          0.11370762144228663,
          -2.0823479657821387
        ],
        [
          -0.07958292545836698,
          -0.1150521622721079,
          0.9901664294107333,
          -4.223301564385842
        ],
        [
          0.0,
          0.0,
          0.0,
          1.0
        ]
      ]
    },
    "043_6973a308.jpg": {
      "camera_id": 43,
      "quaternion": [
        0.9987506311198758,
        0.018235596170845445,
        0.03299336174918062,
        0.032803627092613655
      ],
      "translation": [
        0.4995457771916633,
        0.3542678915912675,
        -2.2213573208912263
      ],
      "position": [
        -0.6647622568272704,
        -0.2354153739287663,
        2.193661508349792
      ],
      "transformation_matrix": [
        [
          0.9956707202601129,
          -0.06432197928118455,
          0.06710066913272084,
          0.4995457771916633
        ],
        [
          0.06672859376589124,
          0.9971827701637253,
          -0.03426102249825451,
          0.3542678915912675
        ],
        [
          -0.06470789434632121,
          0.03859023023966181,
          0.9971578022255632,
          -2.2213573208912263
        ],
        [
          0.0,
          0.0,
          0.0,
          1.0
        ]
      ]
    },
    "025_25dc7dcf.jpg": {
      "camera_id": 25,
      "quaternion": [
        0.9986276864881538,
        -0.0443089778983411,
        0.025612419402954896,
        -0.011111355869071055
      ],
      "translation": [
        0.9436798787376296,
        -2.0270067750994425,
        -2.3617796903574377
      ],
      "position": [
        -1.1102834651813187,
        1.7893934738036268,
        2.478433599770657
      ],
      "transformation_matrix": [
        [
          0.998441083486156,
          0.01992249496005685,
          0.05213920791072084,
          0.9436798787376296
        ],
        [
          -0.024461935461051135,
          0.9958265044967104,
          0.08792716676524197,
          -2.0270067750994425
        ],
        [
          -0.050169876624227755,
          -0.0890655215918585,
          0.994761436899863,
          -2.3617796903574377
        ],
        [
          0.0,
          0.0,
          0.0,
          1.0
        ]
      ]
    },
    "077_ddf0abd8.jpg": {
      "camera_id": 77,
      "quaternion": [
        0.9828977716897747,
        0.03806326328316711,
        0.174536816287955,
        -0.044722009744381896
      ],
      "translation": [
        -4.826121628943546,
        2.1429482981345145,
        -4.967988402382801
      ],
      "position": [
        2.9512532328430106,
        -1.3455863717403571,
        6.484141255699526
      ],
      "transformation_matrix": [
        [
          0.9350736832089761,
          0.10120120902843112,
          0.33969916435161157,
          -4.826121628943546
        ],
        [
          -0.0746274458645343,
          0.9931022596653194,
          -0.09043586772609896,
          2.1429482981345145
        ],
        [
          -0.3465082268774226,
          0.0592133189309657,
          0.9361761754966018,
          -4.967988402382801
        ],
        [
          0.0,
          0.0,
          0.0,
          1.0
        ]
      ]
    },
    "026_805241a7.jpg": {
      "camera_id": 26,
      "quaternion": [
        0.9896233512193121,
        0.07482451594427703,
        0.122316389185362,
        -0.00925286289845937
      ],
      "translation": [
        -2.654161569333069,
        1.167818921940583,
        2.2155035328609363
      ],
      "position": [
        3.1137269594379657,
        -1.3804443992492863,
        -1.309926813733048
      ],
      "transformation_matrix": [
        [
          0.9699061709296748,
          0.036618227605585425,
          0.24070962797437517,
          -2.654161569333069
        ],
        [
          -9.169154199371865e-06,
          0.9886313526837739,
          -0.15035973000301006,
          1.167818921940583
        ],
        [
          -0.24347899192427908,
          0.14583262288554305,
          0.9588799855007194,
          2.2155035328609363
        ],
        [
          0.0,
          0.0,
          0.0,
          1.0
        ]
      ]
    },
    "073_aa4e37e8.jpg": {
      "camera_id": 73,
      "quaternion": [
        0.9966046270526284,
        -0.0012636283634276575,
        -0.05835309110379618,
        -0.05807355111651633
      ],
      "translation": [
        5.036620540431773,
        0.6041482701972585,
        -6.386750059320569
      ],
      "position": [
        -4.154725453952303,
        -1.1566163907133606,
        6.9226882674237835
      ],
      "transformation_matrix": [
        [
          0.9864447588386989,
          0.1159002127462199,
          -0.1161631544210221,
          5.036620540431773
        ],
        [
          -0.11560526626217016,
          0.9932517318081531,
          0.009296218185779971,
          0.6041482701972585
        ],
        [
          0.11645668796644529,
          0.004258866690312196,
          0.9931866400039824,
          -6.386750059320569
        ],
        [
          0.0,
          0.0,
          0.0,
          1.0
        ]
      ]
    },
    "094_16e562f0.jpg": {
      "camera_id": 94,
      "quaternion": [
        0.9984865954002341,
        0.002172103537158804,
        0.05475598987595099,
        0.004645680249225284
      ],
      "translation": [
        1.2918128980654493,
        -2.218222237119759,
        2.546806133538251
      ],
      "position": [
        -0.9844718152989562,
        2.2174399898353214,
        -2.6812845941917476
      ],
      "transformation_matrix": [
        [
          0.9939603984554534,
          -0.00903942755215376,
          0.10936642561501969,
          1.2918128980654493
        ],
        [
          0.009515170269314498,
          0.9999473992424915,
          -0.0038288748899620293,
          -2.218222237119759
        ],
        [
          -0.10932606202101228,
          0.0048463901727359695,
          0.9939941270778572,
          2.546806133538251
        ],
        [
          0.0,
          0.0,
          0.0,
          1.0
        ]
      ]
    },
    "036_5e0af3bf.jpg": {
      "camera_id": 36,
      "quaternion": [
        0.9884052853608125,
        -0.11071556199892443,
        0.07948657535485319,
        -0.06692488730233732
      ],
      "translation": [
        -2.395181628485741,
        -7.5011451938454075,
        3.7584121422462777
      ],
      "position": [
        1.7539105188586537,
        8.387340606069678,
        -1.645008064777078
      ],
      "transformation_matrix": [
        [
          0.9784058875958533,
          0.11469702294004903,
          0.17194915541072073,
          -2.395181628485741
        ],
        [
          -0.14989862638717874,
          0.9665262475816635,
          0.20822443310751468,
          -7.5011451938454075
        ],
        [
          -0.14231064937314888,
          -0.22950295349820385,
          0.9628478973392391,
          3.7584121422462777
        ],
        [
          0.0,
          0.0,
          0.0,
          1.0
        ]
      ]
    },
    "087_155f1f74.jpg": {
      "camera_id": 87,
      "quaternion": [
        0.9972763355221133,
        -0.06323565654784022,
        0.028003118935959224,
        -0.025631770879272663
      ],
      "translation": [
        0.9181618646777887,
        -4.146850582799542,
        2.2345919461373
      ],
      "position": [
        -1.02463874080876,
        4.349598905218093,
        -1.7503990819566222
      ],
      "transformation_matrix": [
        [
          0.997117675302902,
          0.04758232584824163,
          0.05909537939135586,
          0.9181618646777887
        ],
        [
          -0.05466550829345219,
          0.9906885281251121,
          0.12469130861578699,
          -4.146850582799542
        ],
        [
          -0.05261201195121739,
          -0.1275623867296731,
          0.9904341541416443,
          2.2345919461373
        ],
        [
          0.0,
          0.0,
          0.0,
          1.0
        ]
      ]
    }
  }
}