{
  "cameras": {
    "95": {
      "model": "SIMPLE_RADIAL",
      "width": 474,
      "height": 529,
      "params": [
        634.8,
        237.0,
        264.5,
        -0.4560858484171227
      ]
    },
    "92": {
      "model": "SIMPLE_RADIAL",
      "width": 474,
      "height": 592,
      "params": [
        710.4,
        237.0,
        296.0,
        0.491549117320886
      ]
    },
    "88": {
      "model": "SIMPLE_RADIAL",
      "width": 474,
      "height": 401,
      "params": [
        568.8,
        237.0,
        200.5,
        0.0557446120937469
      ]
    },
    "84": {
      "model": "SIMPLE_RADIAL",
      "width": 474,
      "height": 474,
      "params": [
        568.8,
        237.0,
        237.0,
        -0.2204784437570446
      ]
    },
    "83": {
      "model": "SIMPLE_RADIAL",
      "width": 474,
      "height": 474,
      "params": [
        568.8,
        237.0,
        237.0,
        -0.1172725725964709
      ]
    },
    "79": {
      "model": "SIMPLE_RADIAL",
      "width": 474,
      "height": 561,
      "params": [
        673.1999999999999,
        237.0,
        280.5,
        0.23276349164883764
      ]
    },
    "82": {
      "model": "SIMPLE_RADIAL",
      "width": 474,
      "height": 474,
      "params": [
        568.8,
        237.0,
        237.0,
        0.11773972912114287
      ]
    },
    "23": {
      "model": "SIMPLE_RADIAL",
      "width": 474,
      "height": 520,
      "params": [
        624.0,
        237.0,
        260.0,
        0.4524338489425196
      ]
    },
    "52": {
      "model": "SIMPLE_RADIAL",
      "width": 474,
      "height": 474,
      "params": [
        568.8,
        237.0,
        237.0,
        0.36324587345851206
      ]
    },
    "21": {
      "model": "SIMPLE_RADIAL",
      "width": 474,
      "height": 474,
      "params": [
        568.8,
        237.0,
        237.0,
        -0.06115250141046362
      ]
    },
    "50": {
      "model": "SIMPLE_RADIAL",
      "width": 474,
      "height": 474,
      "params": [
        568.8,
        237.0,
        237.0,
        0.02502447188791569
      ]
    },
    "31": {
      "model": "SIMPLE_RADIAL",
      "width": 474,
      "height": 592,
      "params": [
        710.4,
        237.0,
        296.0,
        -0.24802448526854326
      ]
    },
    "71": {
      "model": "SIMPLE_RADIAL",
      "width": 474,
      "height": 463,
      "params": [
        568.8,
        237.0,
        231.5,
        0.40379469819394487
      ]
    },
    "12": {
      "model": "SIMPLE_RADIAL",
      "width": 474,
      "height": 474,
      "params": [
        568.8,
        237.0,
        237.0,
        -0.08819920180501269
      ]
    },
    "19": {
      "model": "SIMPLE_RADIAL",
      "width": 474,
      "height": 419,
      "params": [
        568.8,
        237.0,
        209.5,
        -0.19304438914982158
      ]
    },
    "18": {
      "model": "SIMPLE_RADIAL",
      "width": 474,
      "height": 474,
      "params": [
        568.8,
        237.0,
        237.0,
        0.021449497931836668
      ]
    },
    "77": {
      "model": "SIMPLE_RADIAL",
      "width": 474,
      "height": 573,
      "params": [
        687.6,
        237.0,
        286.5,
        -0.15800504337307325
      ]
    },
    "6": {
      "model": "SIMPLE_RADIAL",
      "width": 474,
      "height": 571,
      "params": [
        685.1999999999999,
        237.0,
        285.5,
        -0.17293646191051162
      ]
    },
    "64": {
      "model": "SIMPLE_RADIAL",
      "width": 474,
      "height": 477,
      "params": [
        572.4,
        237.0,
        238.5,
        -0.47129765622123143
      ]
    },
    "4": {
      "model": "SIMPLE_RADIAL",
      "width": 474,
      "height": 546,
      "params": [
        655.1999999999999,
        237.0,
        273.0,
        0.6878189901345759
      ]
    },
    "3": {
      "model": "SIMPLE_RADIAL",
      "width": 474,
      "height": 531,
      "params": [
        637.1999999999999,
        237.0,
        265.5,
        -0.7074071462876506
      ]
    },
    "91": {
      "model": "SIMPLE_RADIAL",
      "width": 474,
      "height": 474,
      "params": [
        568.8,
        237.0,
        237.0,
        -0.02499138662332436
      ]
    },
    "32": {
      "model": "SIMPLE_RADIAL",
      "width": 474,
      "height": 474,
      "params": [
        568.8,
        237.0,
        237.0,
        0.6775915822233174
      ]
    },
    "2": {
      "model": "SIMPLE_RADIAL",
      "width": 474,
      "height": 569,
      "params": [
        682.8,
        237.0,
        284.5,
        0.19545805624532891
      ]
    },
    "61": {
      "model": "SIMPLE_RADIAL",
      "width": 474,
      "height": 395,
      "params": [
        568.8,
        237.0,
        197.5,
        0.5043490645051104
      ]
    },
    "87": {
      "model": "SIMPLE_RADIAL",
      "width": 474,
      "height": 586,
      "params": [
        703.1999999999999,
        237.0,
        293.0,
        0.46140122296103014
      ]
    },
    "28": {
      "model": "SIMPLE_RADIAL",
      "width": 474,
      "height": 401,
      "params": [
        568.8,
        237.0,
        200.5,
        -0.5656212980835417
      ]
    },
    "57": {
      "model": "SIMPLE_RADIAL",
      "width": 474,
      "height": 493,
      "params": [
        591.6,
        237.0,
        246.5,
        -0.3583057112306874
      ]
    },
    "15": {
      "model": "SIMPLE_RADIAL",
      "width": 474,
      "height": 395,
      "params": [
        568.8,
        237.0,
        197.5,
        0.3613767356254396
      ]
    },
    "44": {
      "model": "SIMPLE_RADIAL",
      "width": 474,
      "height": 575,
      "params": [
        690.0,
        237.0,
        287.5,
        -0.40568117494461925
      ]
    },
    "37": {
      "model": "SIMPLE_RADIAL",
      "width": 474,
      "height": 395,
      "params": [
        568.8,
        237.0,
        197.5,
        -0.9158277535511131
      ]
    },
    "99": {
      "model": "SIMPLE_RADIAL",
      "width": 438,
      "height": 495,
      "params": [
        594.0,
        219.0,
        247.5,
        0.17563942747668324
      ]
    },
    "40": {
      "model": "SIMPLE_RADIAL",
      "width": 474,
      "height": 474,
      "params": [
        568.8,
        237.0,
        237.0,
        -0.0695807870913441
      ]
    },
    "46": {
      "model": "SIMPLE_RADIAL",
      "width": 474,
      "height": 435,
      "params": [
        568.8,
        237.0,
        217.5,
        -0.30511753641106243
      ]
    },
    "75": {
      "model": "SIMPLE_RADIAL",
      "width": 474,
      "height": 474,
      "params": [
        568.8,
        237.0,
        237.0,
        -0.25576260040881704
      ]
    },
    "49": {
      "model": "SIMPLE_RADIAL",
      "width": 474,
      "height": 395,
      "params": [
        568.8,
        237.0,
        197.5,
        0.6791686602112172
      ]
    },
    "68": {
      "model": "SIMPLE_RADIAL",
      "width": 474,
      "height": 474,
      "params": [
        568.8,
        237.0,
        237.0,
        0.35702391699647174
      ]
    },
    "13": {
      "model": "SIMPLE_RADIAL",
      "width": 474,
      "height": 533,
      "params": [
        639.6,
        237.0,
        266.5,
        -0.18312919374275394
      ]
    },
    "72": {
      "model": "SIMPLE_RADIAL",
      "width": 474,
      "height": 474,
      "params": [
        568.8,
        237.0,
        237.0,
        -0.09886766461036198
      ]
    }
  },
  "images": {
    "095_2939d9c5.jpg": {
      "camera_id": 95,
      "quaternion": [
        0.9985430735738756,
        0.03564813220262396,
        -0.03875437795930805,
        0.011791483243810335
      ],
      "translation": [
        1.4404405021757587,
        -0.3147021416918,
        1.574165822814787
      ],
      "position": [
        -1.5523291407662199,
        0.24108522570514374,
        -1.477855361219975
      ],
      "transformation_matrix": [
        [
          0.9967181182237961,
          -0.02631165021838619,
          -0.0765551426567815,
          1.4404405021757587
        ],
        [
          0.02078556546269071,
          0.9971803431867503,
          -0.07210633419021491,
          -0.3147021416918
        ],
        [
          0.07823652007094299,
          0.07027844779688901,
          0.9944546177189026,
          1.574165822814787
        ],
        [
          0.0,
          0.0,
          0.0,
          1.0
        ]
      ]
    },
    "079_f5cc99a5.jpg": {
      "camera_id": 79,
      "quaternion": [
        0.9943712378348604,
        0.019141252250041103,
        -0.10296387060390871,
        0.01605911514777111
      ],
      "translation": [
        3.0743648408914654,
        0.6519131007800302,
        -1.1842635340666454
      ],
      "position": [
        -2.7826156993617035,
        -0.49962851360490623,
        1.812901321654598
      ],
      "transformation_matrix": [
        [
          0.9782810923418643,
          -0.03587915925578345,
          -0.2041538397814423,
          3.0743648408914654
        ],
        [
          0.02799572957630341,
          0.9987514345659418,
          -0.041374038695342105,
          0.6519131007800302
        ],
        [
          0.20538340607726607,
          0.034760004078988604,
          0.9780641076251237,
          -1.1842635340666454
        ],
        [
          0.0,
          0.0,
          0.0,
          1.0
        ]
      ]
    },
    "075_0268d466.jpg": {
      "camera_id": 75,
      "quaternion": [
        0.997371804102703,
        0.01591814929267071,
        0.06633939050983015,
        -0.024396355686865507
      ],
      "translation": [
        -1.689627609794182,
        0.5696769236003228,
        -2.4672162091978156
      ],
      "position": [
        1.3708612255796289,
        -0.412562252813557,
        2.6864588155684963
      ],
      "transformation_matrix": [
        [
          0.9900078061919684,
          0.0507764752141211,
          0.1315533855276848,
          -1.689627609794182
        ],
        [
          -0.04655247392564006,
          0.9983028607045924,
          -0.034989505289869674,
          0.5696769236003228
        ],
        [
          -0.13310676485576728,
          0.028515747822158932,
          0.990691395579761,
          -2.4672162091978156
        ],
        [
          0.0,
          0.0,
          0.0,
          1.0
        ]
      ]
    },
    "068_0c16cd68.jpg": {
      "camera_id": 68,
      "quaternion": [
        0.992921185356295,
        -0.060967811899309284,
        -0.09584152993650091,
        -0.0347109020668051
      ],
      "translation": [
        3.173338887009127,
        -2.7228471076519396,
        0.6026062212015784
      ],
      "position": [
        -3.380502681903567,
        2.5091687463773185,
        0.3512607879194243
      ],
      "transformation_matrix": [
        [
          0.979219108834279,
          0.08061687678853799,
          -0.186093675525694,
          3.173338887009127
        ],
        [
          -0.05724388331129557,
          0.9901561583798383,
          0.1277259560384009,
          -2.7228471076519396
        ],
        [
          0.19455866651795128,
          -0.1144189722001663,
          0.9741946541032825,
          0.6026062212015784
        ],
        [
          0.0,
          0.0,
          0.0,
          1.0
        ]
      ]
    },
    "064_898b4b7e.jpg": {
      "camera_id": 64,
      "quaternion": [
        0.9929476149242374,
        0.11591594800143182,
        0.02069141193036021,
        -0.013798278426157324
      ],
      "translation": [
        0.016720280319376175,
        -0.17259977560483658,
        6.993824329782179
      ],
      "position": [
        0.2891542661498034,
        -1.438605919406914,
        -6.840354656388856
      ],
      "transformation_matrix": [
        [
          0.9987629459696047,
          0.03219886456541863,
          0.037892095202220706,
          0.016720280319376175
        ],
        [
          -0.02260500604783527,
          0.9727462010228072,
          -0.23076793992509814,
          -0.17259977560483658
        ],
        [
          -0.04428985730044362,
          0.22962591647371644,
          0.972270716942515,
          6.993824329782179
        ],
        [
          0.0,
          0.0,
          0.0,
          1.0
        ]
      ]
    },
    "057_153bf359.jpg": {
      "camera_id": 57,
      "quaternion": [
        0.9963155826537872,
        -0.030588143174662682,
        -0.0781484123102644,
        -0.01767628104992134
      ],
      "translation": [
        2.327596033972245,
        0.3933669756299386,
        -4.274583820934175
      ],
      "position": [
        -1.6154720652287633,
        -0.7342262953250133,
        4.549249330470973
      ],
      "transformation_matrix": [
        [
          0.9871607494832583,
          0.04000313815604683,
          -0.1546395926576378,
          2.327596033972245
        ],
        [
          -0.03044147885757107,
          0.9975038291707411,
          0.06371363397792576,
          0.3933669756299386
        ],
        [
          0.15680233111984007,
          -0.058188140779520295,
          0.9859143823010226,
          -4.274583820934175
        ],
        [
          0.0,
          0.0,
          0.0,
          1.0
        ]
      ]
    },
    "092_de7a5a68.jpg": {
      "camera_id": 92,
      "quaternion": [
        0.9973583973483844,
        0.025204246759427926,
        0.06572176426998197,
        0.01793384747322809
      ],
      "translation": [
        -1.2661831184598955,
        0.35382390631608085,
        -0.6639393560543605
      ],
      "position": [
        1.1541611709108321,
        -0.3593022236903234,
        0.8414513760666158
      ],
      "transformation_matrix": [
        [
          0.9907180536320959,
          -0.03246001162012713,
          0.13200032520055743,
          -1.2661831184598955
        ],
        [
          0.03908588187662944,
          0.9980862461201937,
          -0.04791804611653388,
          0.35382390631608085
        ],
        [
          -0.1301922887323127,
          0.05263262250089112,
          0.9900907912930615,
          -0.6639393560543605
        ],
        [
          0.0,
          0.0,
          0.0,
          1.0
        ]
      ]
    },
    "072_7deadeff.jpg": {
      "camera_id": 72,
      "quaternion": [
        0.9960916339997594,
        0.04515984158934778,
        0.06730706427297302,
        -0.03509707227488184
      ],
      "translation": [
        -1.4431186820051591,
        0.29486120121970283,
        1.6981889918154784
      ],
      "position": [
        1.6784021443251906,
        -0.3280138114318575,
        -1.4590249112660318
      ],
      "transformation_matrix": [
        [
          0.9884759092333711,
          0.07599895286261242,
          0.13091805081441796,
          -1.4431186820051591
        ],
        [
          -0.06384064742096639,
          0.9934575684507134,
          -0.09469124259860474,
          0.29486120121970283
        ],
        [
          -0.13725796371115215,
          0.08524211900101013,
          0.9868606956131577,
          1.6981889918154784
        ],
        [
          0.0,
          0.0,
          0.0,
          1.0
        ]
      ]
    },
    "013_b87334b3.jpg": {
      "camera_id": 13,
      "quaternion": [
        0.9922812519484804,
        0.009948923238569942,
        -0.1078501205210428,
        0.06039277656761664
      ],
      "translation": [
        3.7139511454930942,
        0.8539564689225623,
        -0.8666609672004726
      ],
      "position": [
        -3.5144400745487205,
        -0.3886371914418003,
        1.664766677293617
      ],
      "transformation_matrix": [
        [
          0.9694421280841009,
          -0.12199922502298773,
          -0.21283361903035905,
          3.7139511454930942
        ],
        [
          0.11770725474165024,
          0.9925074629296939,
          -0.03277099647625075,
          0.8539564689225623
        ],
        [
          0.21523699142330036,
          0.0067175235505792935,
          0.9765387408599792,
          -0.8666609672004726
        ],
        [
          0.0,
          0.0,
          0.0,
          1.0
        ]
      ]
    },
    "004_a5881d85.jpg": {
      "camera_id": 4,
      "quaternion": [
        0.9968934986960982,
        -0.039881655450399234,
        0.04748362017057598,
        0.04856039159113802
      ],
      "translation": [
        -1.1023938797063975,
        -1.2334023027876975,
        -0.06273007682837292
      ],
      "position": [
        1.2007872736864984,
        1.108054987902568,
        0.26610643774962944
      ],
      "transformation_matrix": [
        [
          0.9907743883680236,
          -0.10060652810104542,
          0.09079888687325577,
          -1.1023938797063975
        ],
        [
          0.09303162658432326,
          0.9921026838541019,
          0.08412717245077768,
          -1.2334023027876975
        ],
        [
          -0.09854556209715268,
          -0.07490387969218555,
          0.9923095187480643,
          -0.06273007682837292
        ],
        [
          0.0,
          0.0,
          0.0,
          1.0
        ]
      ]
    },
    "071_4de68b99.jpg": {
      "camera_id": 71,
      "quaternion": [
        0.9986831957772174,
        -0.034307437808478516,
        0.015951436368124634,
        -0.034647162380418296
      ],
      "translation": [
        -0.5938703440723969,
        -3.5040562069873062,
        5.747005991212488
      ],
      "position": [
        0.5152577978408253,
        3.928005862662605,
        -5.473979274255575
      ],
      "transformation_matrix": [
        [
          0.9970902516335571,
          0.06810857187906598,
          0.0342381736359242,
          -0.5938703440723969
        ],
        [
          -0.07029758352368733,
          0.9952451477000046,
          0.06741917924690427,
          -3.5040562069873062
        ],
        [
          -0.029483552161498366,
          -0.06962986727109358,
          0.9971371027776221,
          5.747005991212488
        ],
        [
          0.0,
          0.0,
          0.0,
          1.0
        ]
      ]
    },
    "012_39efc245.jpg": {
      "camera_id": 12,
      "quaternion": [
        0.9999856007644963,
        0.00515507520334572,
        -0.0014910003091501494,
        1.9529351303840428e-05
      ],
      "translation": [
        0.4835787358028628,
        -2.0237366343879737,
        3.4568528906727662
      ],
      "position": [
        -0.4938375368037482,
        1.9880154347971075,
        -3.476076723130459
      ],
      "transformation_matrix": [
        [
          0.9999955530733651,
          -5.4430577635985016e-05,
          -0.0029817563292218363,
          0.4835787358028628
        ],
        [
          2.368570274846206e-05,
          0.9999468496365045,
          -0.010310060184945319,
          -2.0237366343879737
        ],
        [
          0.0029821590303204114,
          0.010309943711869992,
          0.9999424042354519,
          3.4568528906727662
        ],
        [
          0.0,
          0.0,
          0.0,
          1.0
        ]
      ]
    },
    "088_78e9691e.jpg": {
      "camera_id": 88,
      "quaternion": [
        0.9922244358854586,
        -0.01812974776369166,
        0.12309643656693277,
        -0.003041115310446078
      ],
      "translation": [
        -2.53305880898283,
        0.4756830408172434,
        -2.1061528236410245
      ],
      "position": [
        1.9469845309466798,
        -0.5487318921205904,
        2.643233918600813
      ],
      "transformation_matrix": [
        [
          0.9696760378443834,
          0.001571523155604459,
          0.2443888539712674,
          -2.53305880898283
        ],
        [
          -0.010498352537875507,
          0.999324127727387,
          0.03522885657933912,
          0.4756830408172434
        ],
        [
          -0.24416831535727265,
          -0.036726258410959334,
          0.969037159101096,
          -2.1061528236410245
        ],
        [
          0.0,
          0.0,
          0.0,
          1.0
        ]
      ]
    },
    "006_a28f75e7.jpg": {
      "camera_id": 6,
      "quaternion": [
        0.9960264925015352,
        0.015319679297759334,
        0.08174168863169785,
        -0.03185639654671692
      ],
      "translation": [
        -1.7165773834782838,
        0.4285098627492404,
        -0.5930539393843289
      ],
      "position": [
        1.6191257934380694,
        -0.29919647092085777,
        0.8780004144496982
      ],
      "transformation_matrix": [
        [
          0.9846069326773939,
          0.06596414274251876,
          0.16185771528060933,
          -1.7165773834782838
        ],
        [
          -0.06095511692213911,
          0.9975009548505442,
          -0.03572560416929048,
          0.4285098627492404
        ],
        [
          -0.16380983439532115,
          0.025309621579491966,
          0.9861672075317047,
          -0.5930539393843289
        ],
        [
          0.0,
          0.0,
          0.0,
          1.0
        ]
      ]
    },
    "084_96ce3be4.jpg": {
      "camera_id": 84,
      "quaternion": [
        0.9978329985405829,
        0.06158182858172085,
        0.010860914978949728,
        0.020470123054358445
      ],
      "translation": [
        0.18717651041925992,
        0.6016779291963705,
        1.9327499778211465
      ],
      "position": [
        -0.17534070983280958,
        -0.8276022204911959,
        -1.8484869632799077
      ],
      "transformation_matrix": [
        [
          0.9989260291759189,
          -0.03951385852670175,
          0.024195933938639943,
          0.18717651041925992
        ],
        [
          0.04218919854459906,
          0.9915773049013419,
          -0.12245211280641732,
          0.6016779291963705
        ],
        [
          -0.01915358350271901,
          0.12334140987082542,
          0.9921794378287031,
          1.9327499778211465
        ],
        [
          0.0,
          0.0,
          0.0,
          1.0
        ]
      ]
    },
    "083_1696e0ba.jpg": {
      "camera_id": 83,
      "quaternion": [
        0.999327138765677,
        -0.027505667329125905,
        -0.0027776839317707838,
        0.0241037852454761
      ],
      "translation": [
        0.19387314663053465,
        -0.47306306734742215,
        -1.731715640550635
      ],
      "position": [
        -0.16346509334020973,
        0.38567603721488014,
        1.7563449774966693
      ],
      "transformation_matrix": [
        [
          0.9988225840176304,
          -0.04802232938522246,
          -0.006877611268533305,
          0.19387314663053465
        ],
        [
          0.04832793758591344,
          0.9973248916032389,
          0.05484041426976948,
          -0.47306306734742215
        ],
        [
          0.004225648475194269,
          -0.05510822505765433,
          0.9984714454735093,
          -1.731715640550635
        ],
        [
          0.0,
          0.0,
          0.0,
          1.0
        ]
      ]
    },
    "003_21d0aae6.jpg": {
      "camera_id": 3,
      "quaternion": [
        0.9937802194207901,
        -0.005483248031835441,
        -0.079766774399007,
        0.07751174866409416
      ],
      "translation": [
        2.443674810803056,
        0.19952541129172857,
        -0.9802795484706237
      ],
      "position": [
        -2.2595461091346003,
        0.15441203860580022,
        1.3575394163274022
      ],
      "transformation_matrix": [
        [
          0.9752583810420244,
          -0.15318452317272682,
          -0.15939131741608073,
          2.443674810803056
        ],
        [
          0.15493404720764367,
          0.9879237256201113,
          -0.0014674374734905838,
          0.19952541129172857
        ],
        [
          0.15769125284285465,
          -0.023264011202354745,
          0.9872143913859985,
          -0.9802795484706237
        ],
        [
          0.0,
          0.0,
          0.0,
          1.0
        ]
      ]
    },
    "091_da40c2a6.jpg": {
      "camera_id": 91,
      "quaternion": [
        0.9966323572606464,
        -0.05708775367658127,
        -0.05500633977119164,
        0.020957944227083167
      ],
      "translation": [
        1.7930028803811637,
        -1.8875689462270462,
        -0.4825416332033272
      ],
      "position": [
        -1.638118024406717,
        1.8812275680530925,
        0.8877919006733772
      ],
      "transformation_matrix": [
        [
          0.9930701343175014,
          -0.03549435396573386,
          -0.11203508005609204,
          1.7930028803811637
        ],
        [
          0.04805510746776635,
          0.9926035059078729,
          0.1114853654326914,
          -1.8875689462270462
        ],
        [
          0.10724931222567903,
          -0.11609664463693388,
          0.9874305819302764,
          -0.4825416332033272
        ],
        [
          0.0,
          0.0,
          0.0,
          1.0
        ]
      ]
    },
    "032_64d86c5b.jpg": {
      "camera_id": 32,
      "quaternion": [
        0.9985368743477895,
        -0.05402272238063047,
        0.002297869990211035,
        0.0006130479919676785
      ],
      "translation": [
        0.4833558903359574,
        -1.6005014209667139,
        -0.5822888796073284
      ],
      "position": [
        -0.4844989908968396,
        1.529050045340355,
        0.749376234756545
      ],
      "transformation_matrix": [
        [
          0.9999886879313352,
          -0.0014725764365450945,
          0.004522778792413679,
          0.4833558903359574
        ],
        [
          0.0009760276663532833,
          0.9941623392774898,
          0.10789017810859285,
          -1.6005014209667139
        ],
        [
          -0.00465525287831797,
          -0.10788454329025964,
          0.9941525305201868,
          -0.5822888796073284
        ],
        [
          0.0,
          0.0,
          0.0,
          1.0
        ]
      ]
    },
    "061_cb7738fd.jpg": {
      "camera_id": 61,
      "quaternion": [
        0.9985024118212624,
        -0.0012953523211924956,
        0.046838086174795866,
        -0.028239145400817657
      ],
      "translation": [
        -1.197675845866922,
        0.608301402877,
        -1.1698934320866057
      ],
      "position": [
        1.115547494935184,
        -0.5460541984143237,
        1.2769053488385413
      ],
      "transformation_matrix": [
        [
          0.9940174887010277,
          0.05627236593368201,
          0.09360904330633849,
          -1.197675845866922
        ],
        [
          -0.056515053228268955,
          0.9984017454587909,
          -5.8510217834221046e-05,
          0.608301402877
        ],
        [
          -0.09346272473616471,
          -0.005232159885310131,
          0.9956090314916928,
          -1.1698934320866057
        ],
        [
          0.0,
          0.0,
          0.0,
          1.0
        ]
      ]
    },
    "002_f6b26479.jpg": {
      "camera_id": 2,
      "quaternion": [
        0.996070351782707,
        0.04984392659899195,
        -0.06813333187622535,
        -0.026782202450751785
      ],
      "translation": [
        2.2064178373537837,
        1.028461197656246,
        -1.0627165050880623
      ],
      "position": [
        -1.9795032488442432,
        -1.0152084118340512,
        1.4513088047071592
      ],
      "transformation_matrix": [
        [
          0.9892811254386621,
          0.04656185004730534,
          -0.13840104396638864,
          2.2064178373537837
        ],
        [
          -0.060145981219238684,
          0.9935965932261625,
          -0.09564659362747202,
          1.028461197656246
        ],
        [
          0.13306132343393018,
          0.10294563637928533,
          0.9857468641372769,
          -1.0627165050880623
        ],
        [
          0.0,
          0.0,
          0.0,
          1.0
        ]
      ]
    },
    "031_1d57bbbf.jpg": {
      "camera_id": 31,
      "quaternion": [
        0.9952672898074459,
        0.07789953349417902,
        0.05590942548652555,
        -0.015774050288286233
      ],
      "translation": [
        -1.0291055887801266,
        1.3234406997542612,
        -0.24250428415041414
      ],
      "position": [
        1.024602014863753,
        -1.228267701963631,
        0.557594018893642
      ],
      "transformation_matrix": [
        [
          0.9932506309585385,
          0.04010942888607381,
          0.10883206243978882,
          -1.0291055887801266
        ],
        [
          -0.022688156232762192,
          0.9873656840377838,
          -0.15682555133445913,
          1.3234406997542612
        ],
        [
          -0.1137472270748737,
          0.15329787897760455,
          0.9816115976463118,
          -0.24250428415041414
        ],
        [
          0.0,
          0.0,
          0.0,
          1.0
        ]
      ]
    },
    "015_782498ae.jpg": {
      "camera_id": 15,
      "quaternion": [
        0.998050906666776,
        0.027482122473255884,
        0.05579669183198822,
        0.005084272474757478
      ],
      "translation": [
        -0.9593657278951236,
        1.7023906778274869,
        -1.9520217736298555
      ],
      "position": [
        0.7139819320389265,
        -1.5983354773235285,
        2.1364594840973807
      ],
      "transformation_matrix": [
        [
          0.993721758708017,
          -0.007081902469286836,
          0.11165533094152244,
          -0.9593657278951236
        ],
        [
          0.013215548543403701,
          0.9984377662355347,
          -0.05428974333419302,
          1.7023906778274869
        ],
        [
          -0.1110964245461677,
          0.055424485672048635,
          0.9922629242499421,
          -1.9520217736298555
        ],
        [
          0.0,
          0.0,
          0.0,
          1.0
        ]
      ]
    },
    "044_de4952a5.jpg": {
      "camera_id": 44,
      "quaternion": [
        0.9931277538693464,
        0.051250806528801804,
        0.10503917377805123,
        -0.006114842320012811
      ],
      "translation": [
        -2.416272235825766,
        1.3369483605976287,
        -1.735488109813653
      ],
      "position": [
        2.0014458626530574,
        -1.1000241663958494,
        2.328493656432367
      ],
      "transformation_matrix": [
        [
          0.9778587613508515,
          0.02291232398356728,
          0.20800785624358173,
          -2.416272235825766
        ],
        [
          -0.0013789544905909012,
          0.9946719270670974,
          -0.10308179271403715,
          1.3369483605976287
        ],
        [
          -0.20926141864637013,
          0.10051260077372833,
          0.9726802536043434,
          -1.735488109813653
        ],
        [
          0.0,
          0.0,
          0.0,
          1.0
        ]
      ]
    },
    "077_351b17d6.jpg": {
      "camera_id": 77,
      "quaternion": [
        0.9979284678597012,
        0.04296350451374681,
        -0.04782862904897938,
        0.0023092332887215427
      ],
      "translation": [
        1.364225322528561,
        -0.7439243222651605,
        3.424830966625751
      ],
      "position": [
        -1.6852087752928462,
        0.46014492292729714,
        -3.330516373090625
      ],
      "transformation_matrix": [
        [
          0.9954141793698268,
          -0.00871867031555331,
          -0.09526067550370942,
          1.364225322528561
        ],
        [
          0.000499128235424722,
          0.996297609443031,
          -0.08596990339128105,
          -0.7439243222651605
        ],
        [
          0.09565752652300255,
          0.08552811354186579,
          0.9917331190463848,
          3.424830966625751
        ],
        [
          0.0,
          0.0,
          0.0,
          1.0
        ]
      ]
    },
    "018_b7231fad.jpg": {
      "camera_id": 18,
      "quaternion": [
        0.9989529061607362,
        -0.01840156221958944,
        0.034263551501514854,
        -0.024093211064554164
      ],
      "translation": [
        -0.3978200420318942,
        -1.7803443137679122,
        1.9521070120865691
      ],
      "position": [
        0.44038171612669774,
        1.870710895592701,
        -1.8561015966960448
      ],
      "transformation_matrix": [
        [
          0.9964910524382038,
          0.04687496067372231,
          0.06934205414060082,
          -0.3978200420318942
        ],
        [
          -0.04939697217299924,
          0.9981617993769548,
          0.035113550158018515,
          -1.7803443137679122
        ],
        [
          -0.06756864325070444,
          -0.038415626070607396,
          0.9969747830927632,
          1.9521070120865691
        ],
        [
          0.0,
          0.0,
          0.0,
          1.0
        ]
      ]
    },
    "019_c332c45a.jpg": {
      "camera_id": 19,
      "quaternion": [
        0.9948434806358794,
        -0.03482108818295527,
        0.09478752244626694,
        0.009448092005379223
      ],
      "translation": [
        -1.9295306847944667,
        0.10754054563232575,
        -2.118676548458549
      ],
      "position": [
        1.4922309065785266,
        -0.29926414689988534,
        2.430459183228273
      ],
      "transformation_matrix": [
        [
          0.9818521182919127,
          -0.02539995482748961,
          0.18793951181283153,
          -1.9295306847944667
        ],
        [
          0.012197536116508357,
          0.9973964507504255,
          0.07107418760098877,
          0.10754054563232575
        ],
        [
          -0.18925548319235147,
          -0.06749194266885167,
          0.9796056348125065,
          -2.118676548458549
        ],
        [
          0.0,
          0.0,
          0.0,
          1.0
        ]
      ]
    },
    "021_b7e22acc.jpg": {
      "camera_id": 21,
      "quaternion": [
        0.9921726728939795,
        -0.024055120977344965,
        0.12216516103863556,
        -0.009508509114785286
      ],
      "translation": [
        -3.291857601803882,
        -4.773085904386007,
        9.402716770509961
      ],
      "position": [
        5.3499773753898126,
        5.280133410050832,
        -8.094917630372393
      ],
      "transformation_matrix": [
        [
          0.9699705233656366,
          0.012990770351304151,
          0.24287532539859366,
          -3.291857601803882
        ],
        [
          -0.024745561263308985,
          0.9986618788183588,
          0.045410450259270624,
          -4.773085904386007
        ],
        [
          -0.2419604120503123,
          -0.05005688444825093,
          0.9689940491663391,
          9.402716770509961
        ],
        [
          0.0,
          0.0,
          0.0,
          1.0
        ]
      ]
    },
    "050_9269f010.jpg": {
      "camera_id": 50,
      "quaternion": [
        0.9933546930452622,
        0.08606681458402098,
        0.07339490623811465,
        -0.02126370077411025
      ],
      "translation": [
        -1.5453178554224587,
        1.9843492306285204,
        -0.795799134462672
      ],
      "position": [
        1.4670787392491287,
        -1.7347623478492342,
        1.3406061968836358
      ],
      "transformation_matrix": [
        [
          0.9883220855353749,
          0.05487852548416003,
          0.14215415113070545,
          -1.5453178554224587
        ],
        [
          -0.029611062337730355,
          0.9842807169134977,
          -0.1741110430141696,
          1.9843492306285204
        ],
        [
          -0.14947454709828728,
          0.16786845371580503,
          0.9744113823313163,
          -0.795799134462672
        ],
        [
          0.0,
          0.0,
          0.0,
          1.0
        ]
      ]
    },
    "082_41697615.jpg": {
      "camera_id": 82,
      "quaternion": [
        0.998504415985868,
        0.046076513740386855,
        -0.029425575846496833,
        -0.00014705221726591487
      ],
      "translation": [
        1.5920169025597797,
        -0.28648617401521204,
        3.204279182596688
      ],
      "position": [
        -1.7783709421263247,
        -0.005750937412038637,
        -3.117909707621441
      ],
      "transformation_matrix": [
        [
          0.998268227723495,
          -0.0024179913229787553,
          -0.058776686158327186,
          1.5920169025597797
        ],
        [
          -0.0030053204762608724,
          0.9957538665143547,
          -0.0920065506936745,
          -0.28648617401521204
        ],
        [
          0.05874958354428956,
          0.09202385907836472,
          0.994022180735268,
          3.204279182596688
        ],
        [
          0.0,
          0.0,
          0.0,
          1.0
        ]
      ]
    },
    "023_2029f686.jpg": {
      "camera_id": 23,
      "quaternion": [
        0.9977239905894485,
        -0.05261315547522335,
        0.03386781277729151,
        -0.025132961044981927
      ],
      "translation": [
        -0.4348722904329229,
        -1.4614000567359209,
        -0.612686121303933
      ],
      "position": [
        0.3150398539116481,
        1.4063558062320822,
        0.7893678196995517
      ],
      "transformation_matrix": [
        [
          0.9964426110535876,
          0.04658773137974226,
          0.07022610740741593,
          -0.4348722904329229
        ],
        [
          -0.05371530137677183,
          0.9932003802801028,
          0.10328441803806505,
          -1.4614000567359209
        ],
        [
          -0.06493680985936646,
          -0.10668921171490668,
          0.9921696542572447,
          -0.612686121303933
        ],
        [
          0.0,
          0.0,
          0.0,
          1.0
        ]
      ]
    },
    "052_4fb52c63.jpg": {
      "camera_id": 52,
      "quaternion": [
        0.9971096531270754,
        0.011819172518024066,
        0.07426892778858803,
        -0.010806163376802362
      ],
      "translation": [
        -1.3256765072174554,
        0.69238658529014,
        -1.5569381511534914
      ],
      "position": [
        1.0934541314324833,
        -0.6269379577676654,
        1.7527637180631641
      ],
      "transformation_matrix": [
        [
          0.9887347063964147,
          0.023305454173079807,
          0.14785308983238088,
          -1.3256765072174554
        ],
        [
          -0.019794265092031835,
          0.999487067988126,
          -0.025175146354398915,
          0.69238658529014
        ],
        [
          -0.14836396946921443,
          0.02196489768438524,
          0.9886888670522453,
          -1.5569381511534914
        ],
        [
          0.0,
          0.0,
          0.0,
          1.0
        ]
      ]
    },
    "087_6be1cb96.jpg": {
      "camera_id": 87,
      "quaternion": [
        0.996591264218273,
        -0.053113180207047646,
        0.06236980127773592,
        0.009739099583322563
      ],
      "translation": [
        -0.9071612492127061,
        -0.6800149888516228,
        -3.0603512876228116
      ],
      "position": [
        0.5250146503326674,
        0.3321655045141605,
        3.203925344844594
      ],
      "transformation_matrix": [
        [
          0.9920303156557637,
          -0.02603712012166646,
          0.12327984910639582,
          -0.9071612492127061
        ],
        [
          0.012786486142697904,
          0.9941682800551996,
          0.10707911422966095,
          -0.6800149888516228
        ],
        [
          -0.1253489473112894,
          -0.10464941140711732,
          0.9865779959537389,
          -3.0603512876228116
        ],
        [
          0.0,
          0.0,
          0.0,
          1.0
        ]
      ]
