{
  "cameras": {
    "36": {
      "model": "SIMPLE_RADIAL",
      "width": 474,
      "height": 568,
      "params": [
        681.6,
        237.0,
        284.0,
        -0.19277373059336206
      ]
    },
    "31": {
      "model": "SIMPLE_RADIAL",
      "width": 474,
      "height": 531,
      "params": [
        637.1999999999999,
        237.0,
        265.5,
        0.13073198082133475
      ]
    },
    "2": {
      "model": "SIMPLE_RADIAL",
      "width": 474,
      "height": 474,
      "params": [
        568.8,
        237.0,
        237.0,
        -0.28623112442943227
      ]
    },
    "25": {
      "model": "SIMPLE_RADIAL",
      "width": 474,
      "height": 491,
      "params": [
        589.1999999999999,
        237.0,
        245.5,
        -0.3898308117015506
      ]
    },
    "83": {
      "model": "SIMPLE_RADIAL",
      "width": 474,
      "height": 591,
      "params": [
        709.1999999999999,
        237.0,
        295.5,
        2.812886329808385
      ]
    },
    "24": {
      "model": "SIMPLE_RADIAL",
      "width": 474,
      "height": 592,
      "params": [
        710.4,
        237.0,
        296.0,
        -0.6353042089032337
      ]
    },
    "13": {
      "model": "SIMPLE_RADIAL",
      "width": 474,
      "height": 474,
      "params": [
        568.8,
        237.0,
        237.0,
        -0.6150366437316848
      ]
    },
    "42": {
      "model": "SIMPLE_RADIAL",
      "width": 474,
      "height": 474,
      "params": [
        568.8,
        237.0,
        237.0,
        -0.26822293931599017
      ]
    },
    "9": {
      "model": "SIMPLE_RADIAL",
      "width": 160,
      "height": 189,
      "params": [
        226.79999999999998,
        80.0,
        94.5,
        -0.17468678612062563
      ]
    },
    "96": {
      "model": "SIMPLE_RADIAL",
      "width": 474,
      "height": 590,
      "params": [
        708.0,
        237.0,
        295.0,
        -0.129216794290001
      ]
    },
    "32": {
      "model": "SIMPLE_RADIAL",
      "width": 474,
      "height": 569,
      "params": [
        682.8,
        237.0,
        284.5,
        -0.12316557652262494
      ]
    },
    "65": {
      "model": "SIMPLE_RADIAL",
      "width": 474,
      "height": 474,
      "params": [
        568.8,
        237.0,
        237.0,
        -0.528272221392547
      ]
    },
    "6": {
      "model": "SIMPLE_RADIAL",
      "width": 474,
      "height": 474,
      "params": [
        568.8,
        237.0,
        237.0,
        -0.17394584344613
      ]
    },
    "4": {
      "model": "SIMPLE_RADIAL",
      "width": 474,
      "height": 474,
      "params": [
        568.8,
        237.0,
        237.0,
        -0.7389587229997622
      ]
    },
    "15": {
      "model": "SIMPLE_RADIAL",
      "width": 474,
      "height": 568,
      "params": [
        681.6,
        237.0,
        284.0,
        -0.1584530499754479
      ]
    },
    "44": {
      "model": "SIMPLE_RADIAL",
      "width": 474,
      "height": 411,
      "params": [
        568.8,
        237.0,
        205.5,
        -0.29291550218820783
      ]
    },
    "14": {
      "model": "SIMPLE_RADIAL",
      "width": 160,
      "height": 198,
      "params": [
        237.6,
        80.0,
        99.0,
        -0.46956939877989734
      ]
    },
    "1": {
      "model": "SIMPLE_RADIAL",
      "width": 474,
      "height": 576,
      "params": [
        691.1999999999999,
        237.0,
        288.0,
        -0.28270642733314905
      ]
    },
    "59": {
      "model": "SIMPLE_RADIAL",
      "width": 474,
      "height": 474,
      "params": [
        568.8,
        237.0,
        237.0,
        -0.6093336124092859
      ]
    },
    "99": {
      "model": "SIMPLE_RADIAL",
      "width": 474,
      "height": 474,
      "params": [
        568.8,
        237.0,
        237.0,
        -0.8409555048160272
      ]
    },
    "40": {
      "model": "SIMPLE_RADIAL",
      "width": 474,
      "height": 474,
      "params": [
        568.8,
        237.0,
        237.0,
        0.20104603719339806
      ]
    },
    "69": {
      "model": "SIMPLE_RADIAL",
      "width": 474,
      "height": 568,
      "params": [
        681.6,
        237.0,
        284.0,
        -0.14190648344993415
      ]
    },
    "100": {
      "model": "SIMPLE_RADIAL",
      "width": 474,
      "height": 567,
      "params": [
        680.4,
        237.0,
        283.5,
        -0.10797599235538463
      ]
    },
    "41": {
      "model": "SIMPLE_RADIAL",
      "width": 474,
      "height": 474,
      "params": [
        568.8,
        237.0,
        237.0,
        -0.08008583458270965
      ]
    },
    "45": {
      "model": "SIMPLE_RADIAL",
      "width": 474,
      "height": 481,
      "params": [
        577.1999999999999,
        237.0,
        240.5,
        0.8484663050520193
      ]
    },
    "47": {
      "model": "SIMPLE_RADIAL",
      "width": 474,
      "height": 474,
      "params": [
        568.8,
        237.0,
        237.0,
        -0.5455611853858683
      ]
    },
    "56": {
      "model": "SIMPLE_RADIAL",
      "width": 474,
      "height": 569,
      "params": [
        682.8,
        237.0,
        284.5,
        0.4098659278012174
      ]
    },
    "57": {
      "model": "SIMPLE_RADIAL",
      "width": 474,
      "height": 555,
      "params": [
        666.0,
        237.0,
        277.5,
        0.4553843846045729
      ]
    },
    "86": {
      "model": "SIMPLE_RADIAL",
      "width": 474,
      "height": 553,
      "params": [
        663.6,
        237.0,
        276.5,
        -0.6069688334075243
      ]
    },
    "66": {
      "model": "SIMPLE_RADIAL",
      "width": 474,
      "height": 576,
      "params": [
        691.1999999999999,
        237.0,
        288.0,
        -0.9564199373281348
      ]
    },
    "92": {
      "model": "SIMPLE_RADIAL",
      "width": 474,
      "height": 571,
      "params": [
        685.1999999999999,
        237.0,
        285.5,
        -0.48850524844412513
      ]
    }
  },
  "images": {
    "096_b45f1da1.jpg": {
      "camera_id": 96,
      "quaternion": [
        0.9875572583916862,
        0.06999892674587935,
        0.14004399067386272,
        0.014781486003125715
      ],
      "translation": [
        -3.7763317420553406,
        1.7362778916470851,
        -0.7826175545909458
      ],
      "position": [
        3.32696945270676,
        -1.6432748066173406,
        2.029471544645036
      ],
      "transformation_matrix": [
        [
          0.9603383766953569,
          -0.009589269495643173,
          0.27867229528007753,
          -3.7763317420553406
        ],
        [
          0.04880098567316449,
          0.9897633158519288,
          -0.13411577979910702,
          1.7362778916470851
        ],
        [
          -0.2745335426563654,
          0.14239601295097729,
          0.9509756618611281,
          -0.7826175545909458
        ],
        [
          0.0,
          0.0,
          0.0,
          1.0
        ]
      ]
    },
    "092_53648816.jpg": {
      "camera_id": 92,
      "quaternion": [
        0.9957979888011012,
        0.07756773429572365,
        0.04562045234011338,
        -0.016981944064017544
      ],
      "translation": [
        -1.8422991575790197,
        0.8803093423469166,
        1.92422968330353
      ],
      "position": [
        2.0370110276838713,
        -1.0881414943606942,
        -1.5931744285202432
      ],
      "transformation_matrix": [
        [
          0.9952607758081801,
          0.040898521740900216,
          0.08822300752699767,
          -1.8422991575790197
        ],
        [
          -0.02674382123862566,
          0.9873897203440691,
          -0.1560330355547096,
          0.8803093423469166
        ],
        [
          -0.09349201122692789,
          0.15293413967544967,
          0.9838040418490229,
          1.92422968330353
        ],
        [
          0.0,
          0.0,
          0.0,
          1.0
        ]
      ]
    },
    "025_72e3b32b.jpg": {
      "camera_id": 25,
      "quaternion": [
        0.9964522872423914,
        -0.07418119090546924,
        0.02949299478580799,
        0.026648703980067277
      ],
      "translation": [
        0.13585473689745559,
        -1.5852139418662154,
        -5.484988387238488
      ],
      "position": [
        -0.4022491832459182,
        0.771068456457165,
        5.644475740863834
      ],
      "transformation_matrix": [
        [
          0.9968400196694941,
          -0.05748397501912698,
          0.05482305902923518,
          0.13585473689745559
        ],
        [
          0.04873267311280686,
          0.9875739949840582,
          0.14940793487130394,
          -1.5852139418662154
        ],
        [
          -0.06273038941855001,
          -0.14626413452117326,
          0.9872546283488213,
          -5.484988387238488
        ],
        [
          0.0,
          0.0,
          0.0,
          1.0
        ]
      ]
    },
    "083_63bb9285.jpg": {
      "camera_id": 83,
      "quaternion": [
        0.9946961010373114,
        0.09694539647523885,
        0.03382403121704091,
        -0.006098491260815011
      ],
      "translation": [
        -0.020474338571994145,
        3.689206896946848,
        -4.981149794593843
      ],
      "position": [
        -0.3000777608770451,
        -2.660582846137339,
        5.590507334712046
      ],
      "transformation_matrix": [
        [
          0.9976374866331408,
          0.018690459192139394,
          0.06610682263954881,
          -0.020474338571994145
        ],
        [
          -0.005574122725231846,
          0.981128797013201,
          -0.19327496689243812,
          3.689206896946848
        ],
        [
          -0.06847170525227078,
          0.19244986465730746,
          0.9789150500289747,
          -4.981149794593843
        ],
        [
          0.0,
          0.0,
          0.0,
          1.0
        ]
      ]
    },
    "024_e7356978.jpg": {
      "camera_id": 24,
      "quaternion": [
        0.9979249520765752,
        0.0320961543876446,
        0.05561237765795748,
        0.004784385824572989
      ],
      "translation": [
        -0.5318708735379716,
        -0.22403265490393937,
        0.21276099091172868
      ],
      "position": [
        0.5550455326854942,
        0.2066382486587338,
        -0.16604091866832238
      ],
      "transformation_matrix": [
        [
          0.9937687462070207,
          -0.00597902907105809,
          0.11130107939051433,
          -0.5318708735379716
        ],
        [
          0.013118802907753292,
          0.9978938930516122,
          -0.06352696451559012,
          -0.22403265490393937
        ],
        [
          -0.11068683784621212,
          0.06459124880094025,
          0.9917542006495064,
          0.21276099091172868
        ],
        [
          0.0,
          0.0,
          0.0,
          1.0
        ]
      ]
    },
    "009_1f22d945.jpg": {
      "camera_id": 9,
      "quaternion": [
        0.9996272096554177,
        0.01809414094062688,
        0.0171135714814534,
        0.011187915413224364
      ],
      "translation": [
        0.6398172146437223,
        0.2270240887802847,
        -2.4264796645098987
      ],
      "position": [
        -0.7265389220534415,
        -0.12419717424700173,
        2.409445127819167
      ],
      "transformation_matrix": [
        [
          0.9991639124397114,
          -0.0217481785839988,
          0.03461925485112498,
          0.6398172146437223
        ],
        [
          0.022986800081530444,
          0.9990948652246545,
          -0.03579186085887607,
          0.2270240887802847
        ],
        [
          -0.033809511977850204,
          0.03655772161948675,
          0.9987594554695398,
          -2.4264796645098987
        ],
        [
          0.0,
          0.0,
          0.0,
          1.0
        ]
      ]
    },
    "013_712a38d6.jpg": {
      "camera_id": 13,
      "quaternion": [
        0.9978139957580118,
        0.04172694824538625,
        0.04712419810175209,
        0.020134587475888803
      ],
      "translation": [
        -0.741673355533449,
        -0.24638702532815612,
        -0.004899594321866083
      ],
      "position": [
        0.7481944933638911,
        0.2188620519661848,
        0.05580628004018672
      ],
      "transformation_matrix": [
        [
          0.9947478166808852,
          -0.036248448413917375,
          0.09572267858869996,
          -0.741673355533449
        ],
        [
          0.04411384431510593,
          0.9957069203546053,
          -0.08137381334121155,
          -0.24638702532815612
        ],
        [
          -0.09236205903050551,
          0.0851691184968549,
          0.9920763434867873,
          -0.004899594321866083
        ],
        [
          0.0,
          0.0,
          0.0,
          1.0
        ]
      ]
    },
    "042_495b3b2e.jpg": {
      "camera_id": 42,
      "quaternion": [
        0.9982223382820297,
        0.03007520419199928,
        -0.0008096199005695856,
        -0.05144890633612521
      ],
      "translation": [
        1.4245864278371707,
        0.8543497440964639,
        -2.050625604464836
      ],
      "position": [
        -1.3322782411232659,
        -0.8712406202191227,
        2.1048514948119346
      ],
      "transformation_matrix": [
        [
          0.9947047091048664,
          0.10266619620214501,
          -0.004711034067560495,
          1.4245864278371707
        ],
        [
          -0.10276359413745514,
          0.9928969842592523,
          -0.059960173188829506,
          0.8543497440964639
        ],
        [
          -0.00147831138649555,
          0.06012678942255858,
          0.9981896532168524,
          -2.050625604464836
        ],
        [
          0.0,
          0.0,
          0.0,
          1.0
        ]
      ]
    },
    "036_f47a2dc9.jpg": {
      "camera_id": 36,
      "quaternion": [
        0.9842906486011493,
        0.10545248147788519,
        0.08670606373149999,
        0.1119542394850426
      ],
      "translation": [
        -2.1823232341936287,
        -0.6608827580944504,
        5.967558973651916
      ],
      "position": [
        3.130228779485819,
        -1.1661108519216623,
        -5.4454489338869605
      ],
      "transformation_matrix": [
        [
          0.9598966135470296,
          -0.2021042828334293,
          0.19429964014719578,
          -2.1823232341936287
        ],
        [
          0.23867776115209466,
          0.952692044822964,
          -0.18817755993333316,
          -0.6608827580944504
        ],
        [
          -0.14707623068452705,
          0.22700600562854004,
          0.9627236653246907,
          5.967558973651916
        ],
        [
          0.0,
          0.0,
          0.0,
          1.0
        ]
      ]
    },
    "065_22f91b1e.jpg": {
      "camera_id": 65,
      "quaternion": [
        0.9964414605460452,
        -0.08110437426467001,
        0.0024439024150740927,
        -0.022814984571244958
      ],
      "translation": [
        0.8540533884270523,
        -3.9308996980020248,
        -0.35036294241752264
      ],
      "position": [
        -1.03385071316904,
        3.779931210126235,
        0.9733481222302159
      ],
      "transformation_matrix": [
        [
          0.9989470076399989,
          0.04507117074473663,
          0.008571201478834719,
          0.8540533884270523
        ],
        [
          -0.04586401544929063,
          0.9858031139083004,
          0.16152000710613465,
          -3.9308996980020248
        ],
        [
          -0.0011696212887990264,
          -0.16174303748970884,
          0.9868322156322439,
          -0.35036294241752264
        ],
        [
          0.0,
          0.0,
          0.0,
          1.0
        ]
      ]
    },
    "006_46519378.jpg": {
      "camera_id": 6,
      "quaternion": [
        0.9983726308908604,
        0.0524786312272338,
        -0.008990191941315645,
        -0.02042693323619984
      ],
      "translation": [
        1.0987985488859402,
        0.0006440102099380347,
        1.3927488233136311
      ],
      "position": [
        -1.1196925024924922,
        -0.1908729819429568,
        -1.3627047204918632
      ],
      "transformation_matrix": [
        [
          0.9990038336948442,
          0.03984379621701287,
          -0.020095078154141938,
          1.0987985488859402
        ],
        [
          -0.041730968087214285,
          0.9936574673261597,
          -0.10441917414663758,
          0.0006440102099380347
        ],
        [
          0.015807168168518508,
          0.10515374234890108,
          0.9943303394267486,
          1.3927488233136311
        ],
        [
          0.0,
          0.0,
          0.0,
          1.0
        ]
      ]
    },
    "004_dc64d954.jpg": {
      "camera_id": 4,
      "quaternion": [
        0.9912414170440379,
        -0.12994298197201712,
        0.0022578577588663793,
        -0.023455844710619216
      ],
      "translation": [
        0.7903692040714809,
        -3.971860232817171,
        -3.7483565200794393
      ],
      "position": [
        -0.9704456662150803,
        2.8310594731040046,
        4.636148321405771
      ],
      "transformation_matrix": [
        [
          0.9988894508545041,
          0.04591402395772668,
          0.010572009061506023,
          0.7903692040714809
        ],
        [
          -0.04708759503794969,
          0.9651292895702627,
          0.257503811247799,
          -3.971860232817171
        ],
        [
          0.0016196805639756805,
          -0.2577156510916815,
          0.9662194470291215,
          -3.7483565200794393
        ],
        [
          0.0,
          0.0,
          0.0,
          1.0
        ]
      ]
    },
    "015_8adbc3ae.jpg": {
      "camera_id": 15,
      "quaternion": [
        0.9976552643342766,
        0.032302838916385586,
        0.058895263866034164,
        0.013109082278972506
      ],
      "translation": [
        -0.5818058751539792,
        -0.27153518232641655,
        0.32268285717792305
      ],
      "position": [
        0.6233519668495986,
        0.2365742878413905,
        -0.267989905926159
      ],
      "transformation_matrix": [
        [
          0.9927189997119067,
          -0.022351721449211142,
          0.11836126122700916,
          -0.5818058751539792
        ],
        [
          0.029961658335621245,
          0.9975693571194904,
          -0.06291006887602517,
          -0.27153518232641655
        ],
        [
          -0.11666741893421198,
          0.06599832031547172,
          0.9909757489841845,
          0.32268285717792305
        ],
        [
          0.0,
          0.0,
          0.0,
          1.0
        ]
      ]
    },
    "044_8ce8a143.jpg": {
      "camera_id": 44,
      "quaternion": [
        0.9964312512406618,
        0.07354743436182232,
        -0.03176902365984288,
        0.0265756577616252
      ],
      "translation": [
        2.7798317513219284,
        -1.1606937790738117,
        9.861535773109704
      ],
      "position": [
        -3.377142464149728,
        -0.1220405991797815,
        -9.741898033122148
      ],
      "transformation_matrix": [
        [
          0.9965689271004746,
          -0.05763469219664255,
          -0.05940215310245209,
          2.7798317513219284
        ],
        [
          0.04828857146719666,
          0.9877690186266608,
          -0.148258489493792,
          -1.1606937790738117
        ],
        [
          0.06722043888183363,
          0.1448813586929722,
          0.9871630080689876,
          9.861535773109704
        ],
        [
          0.0,
          0.0,
          0.0,
          1.0
        ]
      ]
    },
    "002_6749a2c4.jpg": {
      "camera_id": 2,
      "quaternion": [
        0.9981478960268891,
        0.03026103311826562,
        0.05154200398760815,
        0.0113344323479961
      ],
      "translation": [
        -1.1780148338681395,
        0.1175328796043992,
        -2.4732144903377398
      ],
      "position": [
        0.9156470548239157,
        0.012029030671118879,
        2.5845248335489934
      ],
      "transformation_matrix": [
        [
          0.9944299049365802,
          -0.019507451022321258,
          0.10357906893980012,
          -1.1780148338681395
        ],
        [
          0.025746308180924417,
          0.9979116010359279,
          -0.0592415743626383,
          0.1175328796043992
        ],
        [
          -0.10220710240916231,
          0.06157837179174906,
          0.9928553833991133,
          -2.4732144903377398
        ],
        [
          0.0,
          0.0,
          0.0,
          1.0
        ]
      ]
    },
    "031_df3204d3.jpg": {
      "camera_id": 31,
      "quaternion": [
        0.9989673623434715,
        -0.04461027058527135,
        -0.000773578570025047,
        0.008575214693080932
      ],
      "translation": [
        1.1334614430243788,
        -1.4020055944253287,
        -3.146212419178429
      ],
      "position": [
        -1.1067209189069855,
        1.1351016057707488,
        3.26124520213457
      ],
      "transformation_matrix": [
        [
          0.9998517345383271,
          -0.017063700108296512,
          -0.0023106447828969813,
          1.1334614430243788
        ],
        [
          0.01720173830560765,
          0.9958727789025529,
          0.08911514147535429,
          -1.4020055944253287
        ],
        [
          0.0007804741917564414,
          -0.08914167588463401,
          0.9960186506690097,
          -3.146212419178429
        ],
        [
          0.0,
          0.0,
          0.0,
          1.0
        ]
      ]
    },
    "014_50bc41b8.jpg": {
      "camera_id": 14,
      "quaternion": [
        0.9977092001501314,
        0.005723237620029671,
        -0.06725527295577183,
        0.0045082975250525705
      ],
      "translation": [
        3.62420682471486,
        -0.5882867761199366,
        -1.4903143152102476
      ],
      "position": [
        -3.3863529718289507,
        0.6397335348291534,
        1.9558496240734298
      ],
      "transformation_matrix": [
        [
          0.9909128070261405,
          -0.00976577565216971,
          -0.13415080505716842,
          3.62420682471486
        ],
        [
          0.00822610401886636,
          0.9998938396091406,
          -0.012026667217524371,
          -0.5882867761199366
        ],
        [
          0.1342540132891591,
          0.010813840095071407,
          0.9908879456215786,
          -1.4903143152102476
        ],
        [
          0.0,
          0.0,
          0.0,
          1.0
        ]
      ]
    },
    "066_60ea35c5.jpg": {
      "camera_id": 66,
      "quaternion": [
        0.988214122003475,
        0.004903786874492885,
        0.15144295110229777,
        0.02176774008981599
      ],
      "translation": [
        -2.6698565539073567,
        -1.3129956225211483,
        1.754452735293961
      ],
      "position": [
        3.128060075584601,
        1.1722186408026551,
        -0.8782593838215812
      ],
      "transformation_matrix": [
        [
          0.9531823961056186,
          -0.041537088410014876,
          0.29952961463062444,
          -2.6698565539073567
        ],
        [
          0.04450766423341453,
          0.9990042367313435,
          -0.0030988412852792436,
          -1.3129956225211483
        ],
        [
          -0.2991026371980652,
          0.016285124477397363,
          0.9540819708714332,
          1.754452735293961
        ],
        [
          0.0,
          0.0,
          0.0,
          1.0
        ]
      ]
    },
    "001_08212dcd.jpg": {
      "camera_id": 1,
      "quaternion": [
        0.9967723330740212,
        0.057282994808809315,
        0.05490573159651096,
        0.012203899448883174
      ],
      "translation": [
        -1.1603807183931114,
        -0.4635793491947986,
        6.1029556412039785
      ],
      "position": [
        1.8267118443223311,
        -0.2656459472929659,
        -5.949790992263609
      ],
      "transformation_matrix": [
        [
          0.9936728509521869,
          -0.018038689176494458,
          0.11085518018273569,
          -1.1603807183931114
        ],
        [
          0.030619348128561718,
          0.993139446687951,
          -0.11285608070694544,
          -0.4635793491947986
        ],
        [
          -0.10805887654762525,
          0.11553633681723019,
          0.9874080382871717,
          6.1029556412039785
        ],
        [
          0.0,
          0.0,
          0.0,
          1.0
        ]
      ]
    },
    "059_6b515be7.jpg": {
      "camera_id": 59,
      "quaternion": [
        0.9962633083850492,
        0.08601107268409015,
        0.0046499817255849715,
        0.006316123127386448
      ],
      "translation": [
        0.7814005264408723,
        0.2769230706530074,
        -1.4500497815609819
      ],
      "position": [
        -0.7968705103092024,
        -0.015000990538749454,
        1.4678862009261555
      ],
      "transformation_matrix": [
        [
          0.9998769685171829,
          -0.01178514361375673,
          0.010351725406505205,
          0.7814005264408723
        ],
        [
          0.013384943278472651,
          0.9851244039287438,
          -0.1713206119457594,
          0.2769230706530074
        ],
        [
          -0.00817869930494001,
          0.17143809137423496,
          0.9851609460913678,
          -1.4500497815609819
        ],
        [
          0.0,
          0.0,
          0.0,
          1.0
        ]
      ]
    },
    "086_8a3c6af8.jpg": {
      "camera_id": 86,
      "quaternion": [
        0.9993838667510276,
        0.027984330162528357,
        0.01759779465373485,
        -0.01179329328236009
      ],
      "translation": [
        0.9310338244742438,
        -1.0878148035158444,
        4.592123838790182
      ],
      "position": [
        -0.7902148314968843,
        0.8079944477466638,
        -4.675518353331676
      ],
      "transformation_matrix": [
        [
          0.9991024717137624,
          0.024556979075952876,
          0.03451384930884601,
          0.9310338244742438
        ],
        [
          -0.02258712909306291,
          0.9981555909978217,
          -0.05634924807947849,
          -1.0878148035158444
        ],
        [
          -0.03583395896051438,
          0.05551910426558152,
          0.9978143897773593,
          4.592123838790182
        ],
        [
          0.0,
          0.0,
          0.0,
          1.0
        ]
      ]
    },
    "057_e3da0420.jpg": {
      "camera_id": 57,
      "quaternion": [
        0.9963176466783153,
        0.05436357170926291,
        0.06627198315204755,
        -0.0019424823011208875
      ],
      "translation": [
        -1.5775119939838518,
        0.4922848131176611,
        3.3388545514490704
      ],
      "position": [
        2.0036221635209697,
        -0.8327261284137828,
        -3.028349974000018
      ],
      "transformation_matrix": [
        [
          0.9912085020232091,
          0.011076222206736883,
          0.13184469203776403,
          -1.5775119939838518
        ],
        [
          0.0033349046268687176,
          0.9940816576670433,
          -0.1085842359694674,
          0.4922848131176611
        ],
        [
          -0.13226709314124788,
          0.10806930735213527,
          0.9853052526402131,
          3.3388545514490704
        ],
        [
          0.0,
          0.0,
          0.0,
          1.0
        ]
      ]
    },
    "032_5934eb7a.jpg": {
      "camera_id": 32,
      "quaternion": [
        0.9977482857842189,
        0.060624715587892924,
        0.00254852182889379,
        -0.028574588553949554
      ],
      "translation": [
        1.049627164789606,
        1.245548286420325,
        -0.9549245313425946
      ],
      "position": [
        -0.9854273931212926,
        -1.179148959376004,
        1.0970547679662164
      ],
      "transformation_matrix": [
        [
          0.9983539958509203,
          0.057329500315477504,
          0.0016209139638763792,
          1.049627164789606
        ],
        [
          -0.05671148667129262,
          0.9910162734977193,
          -0.12112205803331476,
          1.245548286420325
        ],
        [
          -0.008550219180373388,
          0.12083076618258916,
          0.9926362977927495,
          -0.9549245313425946
        ],
        [
          0.0,
          0.0,
          0.0,
          1.0
        ]
      ]
    },
    "069_be9dbc40.jpg": {
      "camera_id": 69,
      "quaternion": [
        0.9999465280924672,
        -0.008411896130018363,
        0.005995265624467877,
        -0.00048759554003502756
      ],
      "translation": [
        1.1892137427645777,
        -0.286572060723255,
        -1.7822127323792623
      ],
      "position": [
        -1.2107899560220163,
        0.25549927469584305,
        1.7723833948805112
      ],
      "transformation_matrix": [
        [
          0.9999276380813629,
          0.000874275831333008,
          0.011998093298430011,
          1.1892137427645777
        ],
        [
          -0.0010760020381525817,
          0.9998580045081742,
          0.016817046130213013,
          -0.286572060723255
        ],
        [
          -0.011981686886285071,
          -0.016828739189332278,
          0.9997865935871797,
          -1.7822127323792623
        ],
        [
          0.0,
          0.0,
          0.0,
          1.0
        ]
      ]
    },
    "040_ca0a46b5.jpg": {
      "camera_id": 40,
      "quaternion": [
        0.9906092729635758,
        -0.042606416882390474,
        0.1298902040713948,
        0.002548812529638425
      ],
      "translation": [
        -3.0665681019817117,
        -1.8535748382159065,
        -1.583094859351922
      ],
      "position": [
        2.5441585567542218,
        1.6648090179146011,
        2.4701087244552253
      ],
      "transformation_matrix": [
        [
          0.9662440768819603,
          -0.016118067021020383,
          0.2571236897021241,
          -3.0665681019817117
        ],
        [
          -0.006018557713398092,
          0.9963563935902654,
          0.08507475486212462,
          -1.8535748382159065
        ],
        [
          -0.2575580727788955,
          -0.08375049174366678,
          0.9626264562534708,
          -1.583094859351922
        ],
        [
          0.0,
          0.0,
          0.0,
          1.0
        ]
      ]
    },
    "099_705dbe8c.jpg": {
      "camera_id": 99,
      "quaternion": [
        0.9973202273908547,
        -0.07155091575696194,
        0.008168155284549505,
        -0.012888433987170135
      ],
      "translation": [
        0.881891967989987,
        -1.3005273871619443,
        -5.16172144337496
      ],
      "position": [
        -0.9910126024154257,
        0.5273792921192688,
        5.277521983948337
      ],
      "transformation_matrix": [
        [
          0.9995343390172117,
          0.024538913848283907,
          0.0181368914804118,
          0.881891967989987
        ],
        [
          -0.02687666981090225,
          0.989428709447397,
          0.1425078016851506,
          -1.3005273871619443
        ],
        [
          -0.014448174462591097,
          -0.1429289006058781,
          0.9896274953871752,
          -5.16172144337496
        ],
        [
          0.0,
          0.0,
          0.0,
          1.0
        ]
      ]
    },
    "100_32a5d9d1.jpg": {
      "camera_id": 100,
      "quaternion": [
        0.9899700092010357,
        0.062102638267637636,
        0.07097426315524646,
        -0.10519171627210049
      ],
      "translation": [
        -1.8969456987454174,
        -0.9657037794420753,
        5.690620920517578
      ],
      "position": [
        2.517260082430033,
        0.733944030236967,
        -5.480773765859492
      ],
      "transformation_matrix": [
        [
          0.9677947135945995,
          0.2170886666336129,
          0.1274594176888757,
          -1.8969456987454174
        ],
        [
          -0.19945791066944332,
          0.9701559302958577,
          -0.1378913078593398,
          -0.9657037794420753
        ],
        [
          -0.1535901501064686,
          0.10802768964954748,
          0.9822118325795376,
          5.690620920517578
        ],
        [
          0.0,
          0.0,
          0.0,
          1.0
        ]
      ]
    },
    "041_e2eff4e4.jpg": {
      "camera_id": 41,
      "quaternion": [
        0.997175647333027,
        0.07493114645946698,
        -0.004709034027713482,
        0.0019689222316353846
      ],
      "translation": [
        1.5751075280898743,
        -1.0017298202096545,
        5.723969850785608
      ],
      "position": [
        -1.6272443080998018,
        0.14249149533199634,
        -5.794827809862872
      ],
      "transformation_matrix": [
        [
          0.9999478966875432,
          -0.004632429238585231,
          -0.009096400909584941,
          1.5751075280898743
        ],
        [
          0.0032210159649323803,
          0.9887628932710314,
          -0.14945757239582308,
          -1.0017298202096545
        ],
        [
          0.009686535310008829,
          0.14942048550867632,
          0.9887262965775915,
          5.723969850785608
        ],
        [
          0.0,
          0.0,
          0.0,
          1.0
        ]
      ]
    },
    "045_0b1b7a65.jpg": {
      "camera_id": 45,
      "quaternion": [
        0.9985573175253326,
        0.017144140309354804,
        0.04060917490240612,
        0.03066361008444759
      ],
      "translation": [
        -0.47193494114858886,
        0.8717581533840925,
        -3.400541953879106
      ],
      "position": [
        0.142679074611551,
        -0.772950521099496,
        3.4537748363725886
      ],
      "transformation_matrix": [
        [
          0.9948212758606695,
          -0.05984632567838948,
          0.08215257998228566,
          -0.47193494114858886
        ],
        [
          0.0626311632478854,
          0.9975316429392842,
          -0.03174836570705748,
          0.8717581533840925
        ],
        [
          -0.0800497750475692,
          0.036729261327291554,
          0.9961139467335979,
          -3.400541953879106
        ],
        [
          0.0,
          0.0,
          0.0,
          1.0
        ]
      ]
    },
    "047_e8a911aa.jpg": {
      "camera_id": 47,
      "quaternion": [
        0.9971840098780715,
        0.005330000073145367,
        0.07444319494943868,
        -0.0073384104839044504
      ],
      "translation": [
        -1.148608527596632,
        -0.7917508019960694,
        2.095107860923072
      ],
      "position": [
        1.436013308276987,
        0.7893606207309887,
        -1.9106081282987737
      ],
      "transformation_matrix": [
        [
          0.9888087169145792,
          0.015429055653993605,
          0.14838889983880058,
          -1.148608527596632
        ],
        [
          -0.013841926715890874,
          0.99983547766158,
          -0.011722571135723631,
          -0.7917508019960694
        ],
        [
          -0.14854535475246453,
          0.009537392246634416,
          0.9888596036498803,
          2.095107860923072
        ],
        [
          0.0,
          0.0,
          0.0,
          1.0
        ]
      ]
    },
    "056_158d5258.jpg": {
      "camera_id": 56,
      "quaternion": [
        0.9972300869088115,
        0.06300490559316986,
        0.028069484419418925,
        0.027832349513973745
      ],
      "translation": [
        0.012615579695611907,
        1.4127942871081414,
        -0.8373453597070217
      ],
      "position": [
        -0.13993898941047778,
        -1.2922034891574654,
        1.003952849396517
      ],
      "transformation_matrix": [
        [
          0.99687492872992,
          -0.051973482217604026,
          0.05949061788125338,
          0.012615579695611907
        ],
        [
          0.0590475430811818,
          0.9905114843834555,
          -0.12409829555863987,
          1.4127942871081414
        ],
        [
          -0.05247631966699729,
          0.1272232543627931,
          0.9904849718312475,
          -0.8373453597070217
        ],
        [
          0.0,
          0.0,
          0.0,
          1.0
        ]
      ]
    }
  }
}