{
  "cameras": {
    "82": {
      "model": "SIMPLE_RADIAL",
      "width": 474,
      "height": 474,
      "params": [
        568.8,
        237.0,
        237.0,
        -0.12110419456506996
      ]
    },
    "76": {
      "model": "SIMPLE_RADIAL",
      "width": 474,
      "height": 568,
      "params": [
        681.6,
        237.0,
        284.0,
        -3.043994657523985
      ]
    },
    "70": {
      "model": "SIMPLE_RADIAL",
      "width": 474,
      "height": 514,
      "params": [
        616.8,
        237.0,
        257.0,
        -0.5529344933546162
      ]
    },
    "59": {
      "model": "SIMPLE_RADIAL",
      "width": 474,
      "height": 474,
      "params": [
        568.8,
        237.0,
        237.0,
        -0.5927390455041379
      ]
    },
    "2": {
      "model": "SIMPLE_RADIAL",
      "width": 474,
      "height": 474,
      "params": [
        568.8,
        237.0,
        237.0,
        -0.42596038469033565
      ]
    },
    "54": {
      "model": "SIMPLE_RADIAL",
      "width": 474,
      "height": 474,
      "params": [
        568.8,
        237.0,
        237.0,
        -4.198753412935755
      ]
    },
    "5": {
      "model": "SIMPLE_RADIAL",
      "width": 474,
      "height": 512,
      "params": [
        614.4,
        237.0,
        256.0,
        -0.18247111978625966
      ]
    },
    "93": {
      "model": "SIMPLE_RADIAL",
      "width": 474,
      "height": 568,
      "params": [
        681.6,
        237.0,
        284.0,
        -0.030231164452749794
      ]
    },
    "6": {
      "model": "SIMPLE_RADIAL",
      "width": 474,
      "height": 568,
      "params": [
        681.6,
        237.0,
        284.0,
        0.06295723067250426
      ]
    },
    "8": {
      "model": "SIMPLE_RADIAL",
      "width": 474,
      "height": 474,
      "params": [
        568.8,
        237.0,
        237.0,
        0.41521829426170465
      ]
    },
    "36": {
      "model": "SIMPLE_RADIAL",
      "width": 474,
      "height": 587,
      "params": [
        704.4,
        237.0,
        293.5,
        -0.7240942276499434
      ]
    },
    "16": {
      "model": "SIMPLE_RADIAL",
      "width": 474,
      "height": 591,
      "params": [
        709.1999999999999,
        237.0,
        295.5,
        -1.1606927043397888
      ]
    },
    "42": {
      "model": "SIMPLE_RADIAL",
      "width": 474,
      "height": 592,
      "params": [
        710.4,
        237.0,
        296.0,
        -1.418265849600821
      ]
    },
    "20": {
      "model": "SIMPLE_RADIAL",
      "width": 474,
      "height": 568,
      "params": [
        681.6,
        237.0,
        284.0,
        -0.740006186290942
      ]
    },
    "26": {
      "model": "SIMPLE_RADIAL",
      "width": 474,
      "height": 568,
      "params": [
        681.6,
        237.0,
        284.0,
        -0.8788690021727681
      ]
    },
    "10": {
      "model": "SIMPLE_RADIAL",
      "width": 474,
      "height": 568,
      "params": [
        681.6,
        237.0,
        284.0,
        -1.4378218961044065
      ]
    },
    "39": {
      "model": "SIMPLE_RADIAL",
      "width": 474,
      "height": 495,
      "params": [
        594.0,
        237.0,
        247.5,
        -1.182655940428001
      ]
    },
    "43": {
      "model": "SIMPLE_RADIAL",
      "width": 474,
      "height": 528,
      "params": [
        633.6,
        237.0,
        264.0,
        -1.0395265537828755
      ]
    }
  },
  "images": {
    "070_1a4312d2.jpg": {
      "camera_id": 70,
      "quaternion": [
        0.9960189851089849,
        0.06337707392134533,
        0.06256897175166372,
        -0.0038277379188986524
      ],
      "translation": [
        -0.4280223524689414,
        -0.9800092140575981,
        -0.6598475180157602
      ],
      "position": [
        0.3423948765558646,
        1.0617554247153083,
        0.5783261255367136
      ],
      "transformation_matrix": [
        [
          0.9921409443927274,
          0.015555875970264747,
          0.12415458582873454,
          -0.4280223524689414
        ],
        [
          0.000305877421286291,
          0.991937389847185,
          -0.12672853294407166,
          -0.9800092140575981
        ],
        [
          -0.12512494914488484,
          0.1257705424411903,
          0.9841369405502156,
          -0.6598475180157602
        ],
        [
          0.0,
          0.0,
          0.0,
          1.0
        ]
      ]
    },
    "059_df425619.jpg": {
      "camera_id": 59,
      "quaternion": [
        0.9842295308758091,
        0.019218843002540426,
        0.1756505693871943,
        -0.008351293288042128
      ],
      "translation": [
        -3.572622481229632,
        -0.4960830555669707,
        -4.999525873324594
      ],
      "position": [
        1.616619470874999,
        0.7529711790055416,
        5.9012341623956015
      ],
      "transformation_matrix": [
        [
          0.9381542667487431,
          0.023190780382910635,
          0.3454399506229119,
          -3.572622481229632
        ],
        [
          -0.009687577517473352,
          0.9991217839481217,
          -0.04076532450706049,
          -0.4960830555669707
        ],
        [
          -0.3460819594011961,
          0.034897686822404274,
          0.9375550270951963,
          -4.999525873324594
        ],
        [
          0.0,
          0.0,
          0.0,
          1.0
        ]
      ]
    },
    "054_7ba62f81.jpg": {
      "camera_id": 54,
      "quaternion": [
        0.9727374493549088,
        0.1435981174256789,
        0.18185364278267496,
        0.009523019530512065
      ],
      "translation": [
        -4.2611202261421965,
        2.4169584134829853,
        -3.734247716794998
      ],
      "position": [
        2.496567110154909,
        -1.1170813697840833,
        5.519304434646367
      ],
      "transformation_matrix": [
        [
          0.9336771294113855,
          0.033700886044653475,
          0.35652667262621496,
          -4.2611202261421965
        ],
        [
          0.07075447695772262,
          0.9585777855416449,
          -0.2759029413698148,
          2.4169584134829853
        ],
        [
          -0.3510567219190569,
          0.28283012453747153,
          0.8926176665569443,
          -3.734247716794998
        ],
        [
          0.0,
          0.0,
          0.0,
          1.0
        ]
      ]
    },
    "043_b812749f.jpg": {
      "camera_id": 43,
      "quaternion": [
        0.9934059281883774,
        0.07858931818927774,
        0.06945257351182384,
        -0.04631113191574738
      ],
      "translation": [
        -0.2890537007253159,
        -1.3620489802029405,
        1.6512607917656514
      ],
      "position": [
        0.41444568083522215,
        1.1219243113300477,
        -1.7985861908957894
      ],
      "transformation_matrix": [
        [
          0.9860632381865339,
          0.10292796677000468,
          0.13071007594550518,
          -0.2890537007253159
        ],
        [
          -0.08109504517486496,
          0.9833579962544534,
          -0.1625750437506108,
          -1.3620489802029405
        ],
        [
          -0.1452683170728343,
          0.14970933457543392,
          0.9780001181982584,
          1.6512607917656514
        ],
        [
          0.0,
          0.0,
          0.0,
          1.0
        ]
      ]
    },
    "042_2ccd070f.jpg": {
      "camera_id": 42,
      "quaternion": [
        0.9937524199603197,
        0.1070291445108234,
        0.01451251705075659,
        -0.028111863992651084
      ],
      "translation": [
        1.0670913777597262,
        -0.12527163456126125,
        0.2805055665064483
      ],
      "position": [
        -1.0617865893776015,
        -0.0001728993942948301,
        -0.32506856581278987
      ],
      "transformation_matrix": [
        [
          0.9979982199034203,
          0.05897899031386721,
          0.022826120370333394,
          1.0670913777597262
        ],
        [
          -0.052765941175302346,
          0.9755089706562798,
          -0.21353689053887084,
          -0.12527163456126125
        ],
        [
          -0.03486127538528566,
          0.21190499491678325,
          0.9766682981482655,
          0.2805055665064483
        ],
        [
          0.0,
          0.0,
          0.0,
          1.0
        ]
      ]
    },
    "002_8f8da10e.jpg": {
      "camera_id": 2,
      "quaternion": [
        0.9805530214655424,
        0.049839219260298585,
        0.18083613678342528,
        0.05770715684874659
      ],
      "translation": [
        -3.5428558927915383,
        -0.02738977904902883,
        -7.419068464629471
      ],
      "position": [
        0.7027240060689786,
        0.5699720923721783,
        8.171686835969355
      ],
      "transformation_matrix": [
        [
          0.927936351363361,
          -0.09514439027377991,
          0.3603909999124338,
          -3.5428558927915383
        ],
        [
          0.13119531775911783,
          0.9883718725439161,
          -0.07686891544777383,
          -0.02738977904902883
        ],
        [
          -0.3488866813401413,
          0.1186110726849039,
          0.9296286877135405,
          -7.419068464629471
        ],
        [
          0.0,
          0.0,
          0.0,
          1.0
        ]
      ]
    },
    "005_582c121a.jpg": {
      "camera_id": 5,
      "quaternion": [
        0.9890390702833982,
        0.11012296345987047,
        0.09831949897186618,
        -0.0028154029353910873
      ],
      "translation": [
        -1.4162560825518684,
        -0.7026318336022368,
        2.53617902701092
      ],
      "position": [
        1.894972614316248,
        0.17307805893030836,
        -2.304517220268667
      ],
      "transformation_matrix": [
        [
          0.9806506992564652,
          0.027223556188727883,
          0.19386357067857032,
          -1.4162560825518684
        ],
        [
          0.01608538218195848,
          0.975730012850255,
          -0.21838544480642896,
          -0.7026318336022368
        ],
        [
          -0.1951037327368859,
          0.2172782087823827,
          0.9564124180814745,
          2.53617902701092
        ],
        [
          0.0,
          0.0,
          0.0,
          1.0
        ]
      ]
    },
    "093_6ce62543.jpg": {
      "camera_id": 93,
      "quaternion": [
        0.9972700127475688,
        -0.0013915823656587359,
        0.07254546327794453,
        0.01370185866122404
      ],
      "translation": [
        -0.05009070623839853,
        -2.91566954773614,
        -0.7161968494423318
      ],
      "position": [
        0.02498073208978123,
        2.9126203947170013,
        0.7297905979808782
      ],
      "transformation_matrix": [
        [
          0.9890988296540325,
          -0.02753081149830083,
          0.14465669564616865,
          -0.05009070623839853
        ],
        [
          0.027126999548676308,
          0.9996206451354949,
          0.004763582095774389,
          -2.91566954773614
        ],
        [
          -0.14473296470572747,
          -0.0007875513583847295,
          0.9894704385126161,
          -0.7161968494423318
        ],
        [
          0.0,
          0.0,
          0.0,
          1.0
        ]
      ]
    },
    "006_9135205d.jpg": {
      "camera_id": 6,
      "quaternion": [
        0.9716018888168255,
        0.16468821441734235,
        0.16587341029861166,
        0.036790942302597884
      ],
      "translation": [
        -3.276429989584831,
        1.3723700679097404,
        2.2589277438409128
      ],
      "position": [
        3.614908791650618,
        -2.099923021279526,
        -0.4938677602222783
      ],
      "transformation_matrix": [
        [
          0.9422648766407907,
          -0.016857506542322778,
          0.33444390669033136,
          -3.276429989584831
        ],
        [
          0.12612708958789703,
          0.9430484371930288,
          -0.3078174822518576,
          1.3723700679097404
        ],
        [
          -0.3102077683121461,
          0.3322280385231831,
          0.8907276075758718,
          2.2589277438409128
        ],
        [
          0.0,
          0.0,
          0.0,
          1.0
        ]
      ]
    },
    "008_d1f87068.jpg": {
      "camera_id": 8,
      "quaternion": [
        0.9922546901350537,
        0.12321592558060422,
        0.015743268079175154,
        0.0007842821499567221
      ],
      "translation": [
        1.4507756120394164,
        0.04022292611812306,
        3.413170463131981
      ],
      "position": [
        -1.3442964660431374,
        -0.8770555297628599,
        -3.343611966087983
      ],
      "transformation_matrix": [
        [
          0.9995030688233929,
          0.0023232274127107733,
          0.03143593528127658,
          1.4507756120394164
        ],
        [
          0.005436057979445817,
          0.9696344411696485,
          -0.24449846578509962,
          0.04022292611812306
        ],
        [
          -0.031049391077183523,
          0.24454785444164553,
          0.9691399703870044,
          3.413170463131981
        ],
        [
          0.0,
          0.0,
          0.0,
          1.0
        ]
      ]
    },
    "076_1d914d5b.jpg": {
      "camera_id": 76,
      "quaternion": [
        0.9925488662556138,
        0.09952332035312499,
        0.040480492559835816,
        0.057473354893359675
      ],
      "translation": [
        0.643102605884716,
        0.42754844183471463,
        0.4421474820165673
      ],
      "position": [
        -0.6584985802371242,
        -0.4374739048692299,
        -0.4084963035925235
      ],
      "transformation_matrix": [
        [
          0.99011628639883,
          -0.10603272042045168,
          0.09179761221310906,
          0.643102605884716
        ],
        [
          0.12214773253679102,
          0.9735838443663823,
          -0.19291041813467802,
          0.42754844183471463
        ],
        [
          -0.06891785576982634,
          0.20221661699527582,
          0.9769128768560046,
          0.4421474820165673
        ],
        [
          0.0,
          0.0,
          0.0,
          1.0
        ]
      ]
    },
    "036_3e807a88.jpg": {
      "camera_id": 36,
      "quaternion": [
        0.9890026197810647,
        0.11990307678487487,
        0.08315926899120961,
        -0.024116513524117113
      ],
      "translation": [
        -1.2950886676248827,
        -0.8739993729372347,
        3.9680895612670217
      ],
      "position": [
        1.927064833219748,
        0.010266673340738608,
        -3.8043632911602483
      ],
      "transformation_matrix": [
        [
          0.9850058595125775,
          0.06764469454112874,
          0.15870618143703774,
          -1.2950886676248827
        ],
        [
          -0.027760485680220465,
          0.9700832919059229,
          -0.24117993739066723,
          -0.8739993729372347
        ],
        [
          -0.1702727581285005,
          0.23315789084953842,
          0.957415576316736,
          3.9680895612670217
        ],
        [
          0.0,
          0.0,
          0.0,
          1.0
        ]
      ]
    },
    "082_047778bb.jpg": {
      "camera_id": 82,
      "quaternion": [
        0.9999116207001879,
        0.00511619450844115,
        0.012241284307335475,
        -0.0008522329390669027
      ],
      "translation": [
        1.4804686381283594,
        -0.5860352998881417,
        -5.334918731624448
      ],
      "position": [
        -1.6115956704818941,
        0.6377679709718159,
        5.2908027788153795
      ],
      "transformation_matrix": [
        [
          0.9996988493150492,
          0.0018295728217318555,
          0.02447168448343365,
          1.4804686381283594
        ],
        [
          -0.001579057655534029,
          0.9999461965055387,
          -0.010252349536911972,
          -0.5860352998881417
        ],
        [
          -0.024489125241364717,
          0.010210619834099195,
          0.9996479510245175,
          -5.334918731624448
        ],
        [
          0.0,
          0.0,
          0.0,
          1.0
        ]
      ]
    },
    "016_8945d6ca.jpg": {
      "camera_id": 16,
      "quaternion": [
        0.994038516327906,
        0.043783970516840076,
        0.09616257060889094,
        0.026891485572318657
      ],
      "translation": [
        -1.752208596115054,
        -2.0058634327491434,
        0.05635805698596956
      ],
      "position": [
        1.8520389773232735,
        1.911152247370721,
        0.11978321907557177
      ],
      "transformation_matrix": [
        [
          0.9800592160352077,
          -0.04504158652759539,
          0.19353343005158377,
          -1.752208596115054
        ],
        [
          0.06188310315304832,
          0.9947196238589886,
          -0.08187399742275685,
          -2.0058634327491434
        ],
        [
          -0.18882376600577402,
          0.0922178149432611,
          0.9776714478793411,
          0.05635805698596956
        ],
        [
          0.0,
          0.0,
          0.0,
          1.0
        ]
      ]
    },
    "020_4c4b655f.jpg": {
      "camera_id": 20,
      "quaternion": [
        0.991367715677132,
        0.12084770970267307,
        0.019845414113221545,
        0.04681925791166005
      ],
      "translation": [
        0.9264433434934004,
        0.45343891147881565,
        1.8665080036343238
      ],
      "position": [
        -0.9135974246174116,
        -0.8073493108133287,
        -1.749652273692973
      ],
      "transformation_matrix": [
        [
          0.9948282332545525,
          -0.08803365584379397,
          0.05066420588938807,
          0.9264433434934004
        ],
        [
          0.09762674721852968,
          0.9664075762964399,
          -0.23775074070204313,
          0.45343891147881565
        ],
        [
          -0.02803220553497657,
          0.24146733094896558,
          0.9700039811965865,
          1.8665080036343238
        ],
        [
          0.0,
          0.0,
          0.0,
          1.0
        ]
      ]
    },
    "026_2828fcaf.jpg": {
      "camera_id": 26,
      "quaternion": [
        0.9821895551927664,
        0.09080793575414313,
        -0.014747971742744077,
        0.16382946561526235
      ],
      "translation": [
        1.9883036528588602,
        0.8334478817236323,
        -0.33515316036594406
      ],
      "position": [
        -2.127014954758624,
        -0.07158961304297162,
        0.48062120007580095
      ],
      "transformation_matrix": [
        [
          0.9458848070513856,
          -0.3245016456612843,
          0.0007834235644501031,
          1.9883036528588602
        ],
        [
          0.31914471417920826,
          0.929827650000578,
          -0.1832135167117158,
          0.8334478817236323
        ],
        [
          0.058724638788455276,
          0.1735489073936248,
          0.9830728322670933,
          -0.33515316036594406
        ],
        [
          0.0,
          0.0,
          0.0,
          1.0
        ]
      ]
    },
    "010_f99d79e3.jpg": {
      "camera_id": 10,
      "quaternion": [
        0.9880700448223053,
        0.1066104118656994,
        -0.10064722137959342,
        0.04713749500387852
      ],
      "translation": [
        5.152670060015384,
        0.6156428964441603,
        0.5685979770564393
      ],
      "position": [
        -5.188321028212725,
        -0.12275849434874121,
        0.564432319330359
      ],
      "transformation_matrix": [
        [
          0.9752963867866529,
          -0.11461037705142024,
          -0.18884231356618902,
          5.152670060015384
        ],
        [
          0.07169021015375351,
          0.9728245532931705,
          -0.22016562465120176,
          0.6156428964441603
        ],
        [
          0.2089437045929124,
          0.20118859307146242,
          0.9570087138207861,
          0.5685979770564393
        ],
        [
          0.0,
          0.0,
          0.0,
          1.0
        ]
      ]
    },
    "039_6b10ab98.jpg": {
      "camera_id": 39,
      "quaternion": [
        0.9876784156620702,
        0.15387991799722756,
        0.010723156203013418,
        0.02640704439113346
      ],
      "translation": [
        1.0968379302318907,
        0.04185902656245113,
        2.9817067742162338
      ],
      "position": [
        -1.0584513375115683,
        -0.894254629359761,
        -2.8592604524064824
      ],
      "transformation_matrix": [
        [
          0.998375363855141,
          -0.048863178738722965,
          0.029309087509891914,
          1.0968379302318907
        ],
        [
          0.05546349232748764,
          0.9512472776873825,
          -0.30340141349568994,
          0.04185902656245113
        ],
        [
          -0.013055032208064855,
          0.30453408094315404,
          0.9524119695164246,
          2.9817067742162338
        ],
        [
          0.0,
          0.0,
          0.0,
          1.0
        ]
      ]
    }
  }
}