{
  "cameras": {
    "97": {
      "model": "SIMPLE_RADIAL",
      "width": 474,
      "height": 474,
      "params": [
        568.8,
        237.0,
        237.0,
        -0.450121415887243
      ]
    },
    "90": {
      "model": "SIMPLE_RADIAL",
      "width": 474,
      "height": 474,
      "params": [
        568.8,
        237.0,
        237.0,
        -0.029881953335593795
      ]
    },
    "58": {
      "model": "SIMPLE_RADIAL",
      "width": 474,
      "height": 474,
      "params": [
        568.8,
        237.0,
        237.0,
        0.08648820331789411
      ]
    },
    "56": {
      "model": "SIMPLE_RADIAL",
      "width": 474,
      "height": 395,
      "params": [
        568.8,
        237.0,
        197.5,
        0.19332960463842483
      ]
    },
    "54": {
      "model": "SIMPLE_RADIAL",
      "width": 474,
      "height": 571,
      "params": [
        685.1999999999999,
        237.0,
        285.5,
        -0.06681167701952022
      ]
    },
    "80": {
      "model": "SIMPLE_RADIAL",
      "width": 474,
      "height": 474,
      "params": [
        568.8,
        237.0,
        237.0,
        0.27053084480767753
      ]
    },
    "51": {
      "model": "SIMPLE_RADIAL",
      "width": 474,
      "height": 591,
      "params": [
        709.1999999999999,
        237.0,
        295.5,
        -0.2956236340963251
      ]
    },
    "45": {
      "model": "SIMPLE_RADIAL",
      "width": 474,
      "height": 568,
      "params": [
        681.6,
        237.0,
        284.0,
        0.23115299732892178
      ]
    },
    "91": {
      "model": "SIMPLE_RADIAL",
      "width": 474,
      "height": 551,
      "params": [
        661.1999999999999,
        237.0,
        275.5,
        -0.2006130452541991
      ]
    },
    "62": {
      "model": "SIMPLE_RADIAL",
      "width": 474,
      "height": 519,
      "params": [
        622.8,
        237.0,
        259.5,
        -0.15703925243832983
      ]
    },
    "4": {
      "model": "SIMPLE_RADIAL",
      "width": 474,
      "height": 474,
      "params": [
        568.8,
        237.0,
        237.0,
        0.5131911107556761
      ]
    },
    "75": {
      "model": "SIMPLE_RADIAL",
      "width": 474,
      "height": 395,
      "params": [
        568.8,
        237.0,
        197.5,
        0.20225590079038896
      ]
    },
    "17": {
      "model": "SIMPLE_RADIAL",
      "width": 474,
      "height": 568,
      "params": [
        681.6,
        237.0,
        284.0,
        0.9085434018476491
      ]
    },
    "18": {
      "model": "SIMPLE_RADIAL",
      "width": 474,
      "height": 495,
      "params": [
        594.0,
        237.0,
        247.5,
        -0.5879930788680409
      ]
    },
    "77": {
      "model": "SIMPLE_RADIAL",
      "width": 474,
      "height": 395,
      "params": [
        568.8,
        237.0,
        197.5,
        0.325477828427878
      ]
    },
    "19": {
      "model": "SIMPLE_RADIAL",
      "width": 474,
      "height": 568,
      "params": [
        681.6,
        237.0,
        284.0,
        -0.2925267358189398
      ]
    },
    "12": {
      "model": "SIMPLE_RADIAL",
      "width": 474,
      "height": 581,
      "params": [
        697.1999999999999,
        237.0,
        290.5,
        -0.6480193701971962
      ]
    },
    "44": {
      "model": "SIMPLE_RADIAL",
      "width": 474,
      "height": 474,
      "params": [
        568.8,
        237.0,
        237.0,
        0.4862415728156571
      ]
    },
    "15": {
      "model": "SIMPLE_RADIAL",
      "width": 474,
      "height": 589,
      "params": [
        706.8,
        237.0,
        294.5,
        0.45153536560837115
      ]
    },
    "20": {
      "model": "SIMPLE_RADIAL",
      "width": 474,
      "height": 474,
      "params": [
        568.8,
        237.0,
        237.0,
        0.34081525258479656
      ]
    },
    "26": {
      "model": "SIMPLE_RADIAL",
      "width": 474,
      "height": 592,
      "params": [
        710.4,
        237.0,
        296.0,
        -0.9351236221760044
      ]
    },
    "5": {
      "model": "SIMPLE_RADIAL",
      "width": 474,
      "height": 474,
      "params": [
        568.8,
        237.0,
        237.0,
        -0.04808923469317056
      ]
    },
    "34": {
      "model": "SIMPLE_RADIAL",
      "width": 474,
      "height": 474,
      "params": [
        568.8,
        237.0,
        237.0,
        -0.33334796685650675
      ]
    },
    "6": {
      "model": "SIMPLE_RADIAL",
      "width": 474,
      "height": 588,
      "params": [
        705.6,
        237.0,
        294.0,
        0.941198048693367
      ]
    },
    "35": {
      "model": "SIMPLE_RADIAL",
      "width": 474,
      "height": 568,
      "params": [
        681.6,
        237.0,
        284.0,
        -0.02408003351125568
      ]
    },
    "98": {
      "model": "SIMPLE_RADIAL",
      "width": 474,
      "height": 576,
      "params": [
        691.1999999999999,
        237.0,
        288.0,
        -0.19498015797937596
      ]
    },
    "40": {
      "model": "SIMPLE_RADIAL",
      "width": 474,
      "height": 537,
      "params": [
        644.4,
        237.0,
        268.5,
        0.36076188778125995
      ]
    }
  },
  "images": {
    "058_0a6c61e9.jpg": {
      "camera_id": 58,
      "quaternion": [
        0.9948058947776363,
        -0.07069855940557358,
        0.07322756495425893,
        0.0008180125383137205
      ],
      "translation": [
        -0.5152236590001059,
        -0.0419444421444405,
        -1.9049309892564077
      ],
      "position": [
        0.23157323104924643,
        -0.232372664192801,
        1.9463693412214995
      ],
      "transformation_matrix": [
        [
          0.9892741091727139,
          -0.01198169409232136,
          0.14557876193734912,
          -0.5152236590001059
        ],
        [
          -0.008726639311855335,
          0.9900020891069274,
          0.14078248943046853,
          -0.0419444421444405
        ],
        [
          -0.14581009116948704,
          -0.14054288516533744,
          0.9792788748576927,
          -1.9049309892564077
        ],
        [
          0.0,
          0.0,
          0.0,
          1.0
        ]
      ]
    },
    "056_13edab75.jpg": {
      "camera_id": 56,
      "quaternion": [
        0.9988394175071884,
        -0.02959912759378264,
        -0.03692058580680393,
        0.008976637637228842
      ],
      "translation": [
        1.9864278192827094,
        -0.4694291655236011,
        2.5652103316025183
      ],
      "position": [
        -2.1590833036710335,
        0.6531909341093372,
        -2.3787106085926246
      ],
      "transformation_matrix": [
        [
          0.9971125806408246,
          -0.015746804757219943,
          -0.07428687412815939,
          1.9864278192827094
        ],
        [
          0.0201180732777511,
          0.9980866232448338,
          0.05846670528870582,
          -0.4694291655236011
        ],
        [
          0.07322407155700943,
          -0.059792396169273385,
          0.9955215239787388,
          2.5652103316025183
        ],
        [
          0.0,
          0.0,
          0.0,
          1.0
        ]
      ]
    },
    "054_1de20f77.jpg": {
      "camera_id": 54,
      "quaternion": [
        0.9999836363496379,
        0.00013100600571952487,
        -0.005433233195198326,
        0.0017860143975616308
      ],
      "translation": [
        1.1673353407640374,
        0.3952791547383178,
        -0.055060472940447476
      ],
      "position": [
        -1.168072007944376,
        -0.39109191273127597,
        0.06785251432881542
      ],
      "transformation_matrix": [
        [
          0.9999345802592365,
          -0.0035733939160510664,
          -0.010865820618115205,
          1.1673353407640374
        ],
        [
          0.0035705467713348835,
          0.9999935859799963,
          -0.0002814153893899719,
          0.3952791547383178
        ],
        [
          0.010866756532564732,
          0.0002426000585422359,
          0.9999409256289461,
          -0.055060472940447476
        ],
        [
          0.0,
          0.0,
          0.0,
          1.0
        ]
      ]
    },
    "045_d074e61c.jpg": {
      "camera_id": 45,
      "quaternion": [
        0.9910828143105984,
        -0.09829693378934756,
        0.08111147529011155,
        0.03890368314258011
      ],
      "translation": [
        -0.9168021596287399,
        -0.9710714936248668,
        -2.035699252847111
      ],
      "position": [
        0.6184997914017698,
        0.48025947880009145,
        2.3052952814621532
      ],
      "transformation_matrix": [
        [
          0.9838148640284067,
          -0.09305956218428894,
          0.15312815287476073,
          -0.9168021596287399
        ],
        [
          0.06116752491969536,
          0.9776484324911087,
          0.20115187382392571,
          -0.9710714936248668
        ],
        [
          -0.16842460393887254,
          -0.18852973328827086,
          0.9675172827677485,
          -2.035699252847111
        ],
        [
          0.0,
          0.0,
          0.0,
          1.0
        ]
      ]
    },
    "040_3a2c98cd.jpg": {
      "camera_id": 40,
      "quaternion": [
        0.9887915685096368,
        -0.11308167517842127,
        0.09254290620722415,
        0.03065255770429682
      ],
      "translation": [
        -1.2235102385007894,
        -1.9489451833453157,
        0.31707969876088316
      ],
      "position": [
        1.3378316998187119,
        1.8647732314654821,
        0.35879145047982414
      ],
      "transformation_matrix": [
        [
          0.9809924624338113,
          -0.08154779494211246,
          0.17607880561875253,
          -1.2235102385007894
        ],
        [
          0.03968816750294275,
          0.9725459108900535,
          0.2293017674840174,
          -1.9489451833453157
        ],
        [
          -0.18994377591357295,
          -0.21795506039345633,
          0.9572966904991259,
          0.31707969876088316
        ],
        [
          0.0,
          0.0,
          0.0,
          1.0
        ]
      ]
    },
    "098_f0bc37c7.jpg": {
      "camera_id": 98,
      "quaternion": [
        0.9963442213671171,
        -0.005422649539004881,
        0.06383773481578235,
        0.056511335446264466
      ],
      "translation": [
        -0.5438635094342962,
        0.5844775660148706,
        1.1041510938102714
      ],
      "position": [
        0.6116783500786913,
        -0.6383663276490554,
        -1.0367686375465568
      ],
      "transformation_matrix": [
        [
          0.9854624251593392,
          -0.11330182435378851,
          0.12659583404352986,
          -0.5438635094342962
        ],
        [
          0.11191714570070883,
          0.9935541276761138,
          0.018020762357981855,
          0.5844775660148706
        ],
        [
          -0.1278215987119548,
          -0.0035905397727644464,
          0.991790676971134,
          1.1041510938102714
        ],
        [
          0.0,
          0.0,
          0.0,
          1.0
        ]
      ]
    },
    "097_1837d89e.jpg": {
      "camera_id": 97,
      "quaternion": [
        0.9966317739311374,
        0.05606428689996643,
        0.04416870499544988,
        0.04038599292201855
      ],
      "translation": [
        -0.6571316763572657,
        1.4053175652391636,
        -1.415133467925383
      ],
      "position": [
        0.4141563693944177,
        -1.2783524387378715,
        1.6135773223949736
      ],
      "transformation_matrix": [
        [
          0.9928361941494551,
          -0.07554735363795365,
          0.09256829341155273,
          -0.6571316763572657
        ],
        [
          0.08545250143341318,
          0.9904515346202017,
          -0.10818330539995362,
          1.4053175652391636
        ],
        [
          -0.08351144583587247,
          0.11531849342923749,
          0.9898118424668463,
          -1.415133467925383
        ],
        [
          0.0,
          0.0,
          0.0,
          1.0
        ]
      ]
    },
    "026_ecbdaaa7.jpg": {
      "camera_id": 26,
      "quaternion": [
        0.9653233728788312,
        0.09204429220533437,
        0.23586946736861197,
        0.06359424824230062
      ],
      "translation": [
        -4.868533654354162,
        -1.6211003107481996,
        9.327946206294321
      ],
      "position": [
        8.695427762628515,
        -0.7432933681628531,
        -6.097394327281284
      ],
      "transformation_matrix": [
        [
          0.8806427319074879,
          -0.07935715206431643,
          0.4670875947343896,
          -4.868533654354162
        ],
        [
          0.16619890477148883,
          0.9749672397258313,
          -0.1477051302905587,
          -1.6211003107481996
        ],
        [
          -0.44367364446321805,
          0.20770489613303367,
          0.8717868852713326,
          9.327946206294321
        ],
        [
          0.0,
          0.0,
          0.0,
          1.0
        ]
      ]
    },
    "075_c2c28553.jpg": {
      "camera_id": 75,
      "quaternion": [
        0.9921503388046966,
        -0.05922944777328597,
        -0.1071949718497955,
        0.02527480437746375
      ],
      "translation": [
        4.080920998696797,
        -0.5927633043261131,
        0.6486795182401477
      ],
      "position": [
        -4.080702076955072,
        0.8204499644530279,
        0.3174934092354226
      ],
      "transformation_matrix": [
        [
          0.9757408445476049,
          -0.03745461347917353,
          -0.21570108068957905,
          4.080920998696797
        ],
        [
          0.06285100942611882,
          0.991706113560305,
          0.11211036946345888,
          -0.5927633043261131
        ],
        [
          0.20971302986615903,
          -0.12294769723846415,
          0.9700022210531862,
          0.6486795182401477
        ],
        [
          0.0,
          0.0,
          0.0,
          1.0
        ]
      ]
    },
    "017_51311450.jpg": {
      "camera_id": 17,
      "quaternion": [
        0.9942394728180037,
        0.023368140671880255,
        0.104508607606027,
        0.004444280410444911
      ],
      "translation": [
        -1.3853942642736419,
        1.3813988761349976,
        -0.6463723196800669
      ],
      "position": [
        1.2019312844697554,
        -1.3546766548478337,
        0.9826442114728489
      ],
      "transformation_matrix": [
        [
          0.9781163986157656,
          -0.003953014336752312,
          0.2080208750019529,
          -1.3853942642736419
        ],
        [
          0.013721701712592207,
          0.9988683567463451,
          -0.04553812460968167,
          1.3813988761349976
        ],
        [
          -0.20760545672268668,
          0.047395986839707034,
          0.9770637618755773,
          -0.6463723196800669
        ],
        [
          0.0,
          0.0,
          0.0,
          1.0
        ]
      ]
    },
    "034_00c6d43e.jpg": {
      "camera_id": 34,
      "quaternion": [
        0.9973605292954797,
        -0.07216843482598514,
        0.005265829643390561,
        -0.005996887223798074
      ],
      "translation": [
        -0.15091799381159998,
        -1.648887685689568,
        0.22515898775789128
      ],
      "position": [
        0.13209148642858692,
        1.6657111189669989,
        0.016177700880250112
      ],
      "transformation_matrix": [
        [
          0.9998726167635836,
          0.01120206386445755,
          0.011369433210162582,
          -0.15091799381159998
        ],
        [
          -0.012722170598152638,
          0.9895115087167852,
          0.14389273953991946,
          -1.648887685689568
        ],
        [
          -0.009638289351084765,
          -0.14401905388596406,
          0.9895279761058686,
          0.22515898775789128
        ],
        [
          0.0,
          0.0,
          0.0,
          1.0
        ]
      ]
    },
    "005_7fe5b764.jpg": {
      "camera_id": 5,
      "quaternion": [
        0.9937720336265677,
        -0.06005917693223907,
        0.08975184723645441,
        0.027470827537262977
      ],
      "translation": [
        -1.1547030722690548,
        -1.4652049943883558,
        1.124025196893825
      ],
      "position": [
        1.4027794775076008,
        1.5055608972489511,
        -0.7135079719938752
      ],
      "transformation_matrix": [
        [
          0.9823799191041243,
          -0.0653803244405601,
          0.1750860009167537,
          -1.1547030722690548
        ],
        [
          0.043818636147882076,
          0.9912764978012799,
          0.12430137582894496,
          -1.4652049943883558
        ],
        [
          -0.1816855020828957,
          -0.1144391457626113,
          0.9766750023677323,
          1.124025196893825
        ],
        [
          0.0,
          0.0,
          0.0,
          1.0
        ]
      ]
    },
    "018_2c458568.jpg": {
      "camera_id": 18,
      "quaternion": [
        0.9659738970142266,
        0.11246889808008659,
        0.23252225099123774,
        0.013363384517678406
      ],
      "translation": [
        -4.470535138866312,
        0.10821071599559806,
        6.0242148621398615
      ],
      "position": [
        6.6651662823634945,
        -1.333432964587686,
        -3.1758579391271886
      ],
      "transformation_matrix": [
        [
          0.891509645496401,
          0.02648568145648888,
          0.4522267801276997,
          -4.470535138866312
        ],
        [
          0.07812040393585445,
          0.9743443338377675,
          -0.21106947104481014,
          0.10821071599559806
        ],
        [
          -0.44621491960240456,
          0.22349860804045832,
          0.8665682995172378,
          6.0242148621398615
        ],
        [
          0.0,
          0.0,
          0.0,
          1.0
        ]
      ]
    },
    "035_ab7cf1c4.jpg": {
      "camera_id": 35,
      "quaternion": [
        0.9979333334107308,
        -0.006495792012021614,
        0.03306390137683656,
        0.05471421368919337
      ],
      "translation": [
        0.008718788110308068,
        -2.2258690027171464,
        6.180352121158011
      ],
      "position": [
        0.6457079272012579,
        2.271075396875385,
        -6.1299754477878805
      ],
      "transformation_matrix": [
        [
          0.9918262664922323,
          -0.1096318277565074,
          0.06528031432864771,
          0.008718788110308068
        ],
        [
          0.10877272285070769,
          0.9939283190130197,
          0.016582865482060356,
          -2.2258690027171464
        ],
        [
          -0.06670196293755294,
          -0.009346604020737753,
          0.9977291662237587,
          6.180352121158011
        ],
        [
          0.0,
          0.0,
          0.0,
          1.0
        ]
      ]
    },
    "006_30010640.jpg": {
      "camera_id": 6,
      "quaternion": [
        0.9606595483294708,
        -0.22641754909992687,
        -0.08696225623677514,
        0.1352992670091342
      ],
      "translation": [
        3.1985575875787426,
        -2.930007339479825,
        1.7372874175151107
      ],
      "position": [
        -2.3398574417060267,
        4.0244754964847385,
        0.4031691359793812
      ],
      "transformation_matrix": [
        [
          0.9482633486740009,
          -0.22057350362594572,
          -0.22835050045871375,
          3.1985575875787426
        ],
        [
          0.29933262731126753,
          0.8608584036127463,
          0.4114885018518107,
          -2.930007339479825
        ],
        [
          0.1058139867338147,
          -0.4585522199569954,
          0.8823453188995832,
          1.7372874175151107
        ],
        [
          0.0,
          0.0,
          0.0,
          1.0
        ]
      ]
    },
    "019_78627223.jpg": {
      "camera_id": 19,
      "quaternion": [
        0.9977705953685972,
        -0.04091418962282095,
        0.05159108292574843,
        0.010873282294293032
      ],
      "translation": [
        -0.20168585784661341,
        0.36879053325147354,
        -2.114241699985891
      ],
      "position": [
        -0.025427438742355785,
        -0.5429435223420676,
        2.085969171760756
      ],
      "transformation_matrix": [
        [
          0.9944402637893943,
          -0.025919697396116676,
          0.10206238798584703,
          -0.20168585784661341
        ],
        [
          0.01747646799743367,
          0.9964156016393129,
          0.08276787949501138,
          0.36879053325147354
        ],
        [
          -0.10384187412029171,
          -0.0805240218609316,
          0.9913287785001128,
          -2.114241699985891
        ],
        [
          0.0,
          0.0,
          0.0,
          1.0
        ]
      ]
    },
    "077_cd8dcf22.jpg": {
      "camera_id": 77,
      "quaternion": [
        0.9953007677410177,
        -0.06703466354213494,
        0.0632616155218029,
        0.0296766510830517
      ],
      "translation": [
        -0.5489135213932983,
        0.13597136531640722,
        -1.393689853693894
      ],
      "position": [
        0.35562330837889544,
        -0.3523321556704625,
        1.4182946763849749
      ],
      "transformation_matrix": [
        [
          0.9902345287641328,
          -0.06755582943715924,
          0.1219499403539556,
          -0.5489135213932983
        ],
        [
          0.05059294499061541,
          0.9892513005285751,
          0.13719408995907686,
          0.13597136531640722
        ],
        [
          -0.12990739763559442,
          -0.12968451839591402,
          0.9830086437707287,
          -1.393689853693894
        ],
        [
          0.0,
          0.0,
          0.0,
          1.0
        ]
      ]
    },
    "012_d7aea1e6.jpg": {
      "camera_id": 12,
      "quaternion": [
        0.9946530567973242,
        0.0014664631856315673,
        0.09914552176071967,
        0.02886713709841755
      ],
      "translation": [
        -1.6378986832899254,
        -0.23592844482540287,
        2.4297715599820484
      ],
      "position": [
        2.0956053616739414,
        0.12095675629641991,
        -2.0581476605744005
      ],
      "transformation_matrix": [
        [
          0.9786737078210717,
          -0.057134785796492255,
          0.1973154577617897,
          -1.6378986832899254
        ],
        [
          0.057716358827221564,
          0.9983290757629327,
          0.00280685055818331,
          -0.23592844482540287
        ],
        [
          -0.19714612738647205,
          0.008641338919260031,
          0.9803360300010396,
          2.4297715599820484
        ],
        [
          0.0,
          0.0,
          0.0,
          1.0
        ]
      ]
    },
    "090_b316be20.jpg": {
      "camera_id": 90,
      "quaternion": [
        0.9807016035952806,
        -0.024379264475385694,
        -0.05052242975903759,
        0.18728988296362298
      ],
      "translation": [
        1.6875609023293772,
        -0.19975013515615855,
        2.247286660441895
      ],
      "position": [
        -1.6888569150452204,
        0.9512581942705856,
        -2.0447321140195203
      ],
      "transformation_matrix": [
        [
          0.9247399676614311,
          -0.3648875777651256,
          -0.10822683494510457,
          1.6875609023293772
        ],
        [
          0.3698143764732643,
          0.9286563024062232,
          0.028892887617752386,
          -0.19975013515615855
        ],
        [
          0.08996287658376778,
          -0.06674224744418444,
          0.9937062711097646,
          2.247286660441895
        ],
        [
          0.0,
          0.0,
          0.0,
          1.0
        ]
      ]
    },
    "051_38196d60.jpg": {
      "camera_id": 51,
      "quaternion": [
        0.9952299064830468,
        0.04428525903733662,
        0.07059004010989355,
        0.050727658245040524
      ],
      "translation": [
        -0.7098641432993023,
        1.4191100543397266,
        -0.6579112772602277
      ],
      "position": [
        0.45748936567761805,
        -1.410772576961239,
        0.8666325134694485
      ],
      "transformation_matrix": [
        [
          0.984887501852516,
          -0.09471916871918604,
          0.14499961300588596,
          -0.7098641432993023
        ],
        [
          0.10722356156607651,
          0.9909310410419407,
          -0.08098629356021528,
          1.4191100543397266
        ],
        [
          -0.13601366306292953,
          0.09530976328100882,
          0.9861117241385592,
          -0.6579112772602277
        ],
        [
          0.0,
          0.0,
          0.0,
          1.0
        ]
      ]
    },
    "080_2bffea0b.jpg": {
      "camera_id": 80,
      "quaternion": [
        0.9942815144307382,
        0.0699658531587316,
        0.04743851506710351,
        0.06525823121504803
      ],
      "translation": [
        -0.522989548291827,
        -1.3694406584656387,
        9.74244760032105
      ],
      "position": [
        1.5330678684296766,
        -0.13582926410830387,
        -9.731157400406335
      ],
      "transformation_matrix": [
        [
          0.9869819010938231,
          -0.123131953564632,
          0.10346617285171135,
          -0.522989548291827
        ],
        [
          0.13640825828164496,
          0.9816922853009084,
          -0.13294000170470946,
          -1.3694406584656387
        ],
        [
          -0.08520278156134893,
          0.14532301604369977,
          0.9857087333599981,
          9.74244760032105
        ],
        [
          0.0,
          0.0,
          0.0,
          1.0
        ]
      ]
    },
    "044_f13caf17.jpg": {
      "camera_id": 44,
      "quaternion": [
        0.9938892094156199,
        -0.07683849559711924,
        -0.07878009370277966,
        0.008589635483940027
      ],
      "translation": [
        2.529598388766693,
        -0.02368517250310528,
        -1.9952629049414041
      ],
      "position": [
        -2.1873159284287014,
        -0.27148459127243924,
        2.349988979043622
      ],
      "transformation_matrix": [
        [
          0.9874398299968685,
          -0.004967604274359667,
          -0.15791739943251543,
          2.529598388766693
        ],
        [
          0.02918097980684637,
          0.988044127513249,
          0.15138451870681782,
          -0.02368517250310528
        ],
        [
          0.15527734075926108,
          -0.1540912878600079,
          0.9757790848611054,
          -1.9952629049414041
        ],
        [
          0.0,
          0.0,
          0.0,
          1.0
        ]
      ]
    },
    "015_2872d02b.jpg": {
      "camera_id": 15,
      "quaternion": [
        0.9834671503345124,
        -0.09943502948236209,
        0.14924572472171008,
        -0.02511479199689114
      ],
      "translation": [
        -3.0694858104948675,
        -1.2323227965888133,
        -1.4918289239442892
      ],
      "position": [
        2.400935696691382,
        0.96396683767619,
        2.544050288487281
      ],
      "transformation_matrix": [
        [
          0.9541899217504889,
          0.019718639757213614,
          0.2985511153486471,
          -3.0694858104948675
        ],
        [
          -0.07907965190849256,
          0.9789638442695894,
          0.18808561951127167,
          -1.2323227965888133
        ],
        [
          -0.28856195501803006,
          -0.20307872084251577,
          0.9356767771282667,
          -1.4918289239442892
        ],
        [
          0.0,
          0.0,
          0.0,
          1.0
        ]
      ]
    },
    "020_14f28bc8.jpg": {
      "camera_id": 20,
      "quaternion": [
        0.9937416068264046,
        -0.053163366420141356,
        0.09219027506217868,
        0.0339444917020904
      ],
      "translation": [
        -1.3093915957766182,
        -0.18631987265616146,
        -2.1837250631160203
      ],
      "position": [
        0.8868624535543689,
        -0.13340261034249973,
        2.3903044428163214
      ],
      "transformation_matrix": [
        [
          0.9806974493340931,
          -0.0772663982008902,
          0.17961741724750793,
          -1.3093915957766182
        ],
        [
          0.0576618167068733,
          0.9920428559079291,
          0.11192000239502749,
          -0.18631987265616146
        ],
        [
          -0.18683583104872267,
          -0.09940259428758126,
          0.9773492193096752,
          -2.1837250631160203
        ],
        [
          0.0,
          0.0,
          0.0,
          1.0
        ]
      ]
    },
    "062_67f50ec4.jpg": {
      "camera_id": 62,
      "quaternion": [
        0.9936389095822845,
        0.02613773524831131,
        0.10342665582638717,
        0.03607579555308275
      ],
      "translation": [
        -1.533763110342572,
        1.1423279391481571,
        -0.36681299104501647
      ],
      "position": [
        1.3341825355987862,
        -1.2176700065676394,
        0.7274138343572707
      ],
      "transformation_matrix": [
        [
          0.9760029276795644,
          -0.0662859512161405,
          0.20742337822022452,
          -1.533763110342572
        ],
        [
          0.07709930540657378,
          0.9960307115426027,
          -0.04448054372150139,
          1.1423279391481571
        ],
        [
          -0.20365161984806981,
          0.05940533928282859,
          0.9772394913213185,
          -0.36681299104501647
        ],
        [
          0.0,
          0.0,
          0.0,
          1.0
        ]
      ]
    },
    "004_af012af1.jpg": {
      "camera_id": 4,
      "quaternion": [
        0.9962065768802769,
        -0.07519065023014371,
        -0.04249592344609393,
        0.010626325277959396
      ],
      "translation": [
        2.024476969547316,
        -0.6445032843178148,
        -1.9312204572462237
      ],
      "position": [
        -1.838514288642032,
        0.37593289719872053,
        2.1730263701743486
      ],
      "transformation_matrix": [
        [
          0.9961623554031014,
          -0.014781438027860149,
          -0.08626743746961263,
          2.024476969547316
        ],
        [
          0.027562622492029,
          0.9884668946581103,
          0.14890768954729644,
          -0.6445032843178148
        ],
        [
          0.0830714362407855,
          -0.15071399156939824,
          0.9850809252168637,
          -1.9312204572462237
        ],
        [
          0.0,
          0.0,
          0.0,
          1.0
        ]
      ]
    },
    "091_e39f525d.jpg": {
      "camera_id": 91,
      "quaternion": [
        0.9978592866199685,
        -0.03316438437363493,
        -0.010741027799479528,
        0.05533170914779612
      ],
      "translation": [
        1.3921752272316006,
        -0.16783699709871638,
        0.8524665844507262
      ],
      "position": [
        -1.3798211147820065,
        0.37661661465181295,
        -0.8045334146494532
      ],
      "transformation_matrix": [
        [
          0.993646064569189,
          -0.10971408048634716,
          -0.02510615281556315,
          1.3921752272316006
        ],
        [
          0.11113895878438652,
          0.991677051143803,
          0.06499813901223317,
          -0.16783699709871638
        ],
        [
          0.017765984534652418,
          -0.06737541671682995,
          0.9975695078618572,
          0.8524665844507262
        ],
        [
          0.0,
          0.0,
          0.0,
          1.0
        ]
      ]
    }
  }
}