{
  "cameras": {
    "79": {
      "model": "SIMPLE_RADIAL",
      "width": 474,
      "height": 531,
      "params": [
        637.1999999999999,
        237.0,
        265.5,
        -0.7232702922086137
      ]
    },
    "3": {
      "model": "SIMPLE_RADIAL",
      "width": 474,
      "height": 532,
      "params": [
        638.4,
        237.0,
        266.0,
        -0.19459359392721165
      ]
    },
    "13": {
      "model": "SIMPLE_RADIAL",
      "width": 474,
      "height": 564,
      "params": [
        676.8,
        237.0,
        282.0,
        0.380804547568426
      ]
    },
    "68": {
      "model": "SIMPLE_RADIAL",
      "width": 474,
      "height": 576,
      "params": [
        691.1999999999999,
        237.0,
        288.0,
        -1.7783942957862315
      ]
    },
    "39": {
      "model": "SIMPLE_RADIAL",
      "width": 474,
      "height": 474,
      "params": [
        568.8,
        237.0,
        237.0,
        2.2322654179571133
      ]
    },
    "52": {
      "model": "SIMPLE_RADIAL",
      "width": 474,
      "height": 474,
      "params": [
        568.8,
        237.0,
        237.0,
        1.577814350232331
      ]
    },
    "17": {
      "model": "SIMPLE_RADIAL",
      "width": 474,
      "height": 474,
      "params": [
        568.8,
        237.0,
        237.0,
        -0.8174965384307924
      ]
    },
    "85": {
      "model": "SIMPLE_RADIAL",
      "width": 474,
      "height": 550,
      "params": [
        660.0,
        237.0,
        275.0,
        0.2988745117661156
      ]
    },
    "27": {
      "model": "SIMPLE_RADIAL",
      "width": 474,
      "height": 591,
      "params": [
        709.1999999999999,
        237.0,
        295.5,
        1.5705096978306599
      ]
    },
    "95": {
      "model": "SIMPLE_RADIAL",
      "width": 474,
      "height": 561,
      "params": [
        673.1999999999999,
        237.0,
        280.5,
        2.8474878830016643
      ]
    },
    "66": {
      "model": "SIMPLE_RADIAL",
      "width": 474,
      "height": 474,
      "params": [
        568.8,
        237.0,
        237.0,
        -0.6766970133399224
      ]
    },
    "28": {
      "model": "SIMPLE_RADIAL",
      "width": 474,
      "height": 590,
      "params": [
        708.0,
        237.0,
        295.0,
        0.6676768023453888
      ]
    },
    "41": {
      "model": "SIMPLE_RADIAL",
      "width": 474,
      "height": 541,
      "params": [
        649.1999999999999,
        237.0,
        270.5,
        0.4511111391461111
      ]
    },
    "54": {
      "model": "SIMPLE_RADIAL",
      "width": 474,
      "height": 474,
      "params": [
        568.8,
        237.0,
        237.0,
        0.26854786101820144
      ]
    },
    "35": {
      "model": "SIMPLE_RADIAL",
      "width": 474,
      "height": 588,
      "params": [
        705.6,
        237.0,
        294.0,
        0.3767793555995946
      ]
    },
    "62": {
      "model": "SIMPLE_RADIAL",
      "width": 474,
      "height": 474,
      "params": [
        568.8,
        237.0,
        237.0,
        -0.06142601853122755
      ]
    },
    "63": {
      "model": "SIMPLE_RADIAL",
      "width": 474,
      "height": 474,
      "params": [
        568.8,
        237.0,
        237.0,
        -0.38877731539476396
      ]
    }
  },
  "images": {
    "079_61aaf003.jpg": {
      "camera_id": 79,
      "quaternion": [
        0.9909835676269305,
        0.12553818534562683,
        0.04545721531780027,
        0.011197066092474915
      ],
      "translation": [
        0.03128984947947799,
        -0.4350059241751832,
        2.5337678526643086
      ],
      "position": [
        0.2046217210237569,
        -0.2114896959429119,
        -2.554132103031929
      ],
      "transformation_matrix": [
        [
          0.9956165345729437,
          -0.010778984362826498,
          0.09290602553692721,
          0.03128984947947799
        ],
        [
          0.03360544965027481,
          0.9682295794620955,
          -0.2477945826858537,
          -0.4350059241751832
        ],
        [
          -0.08728338810314983,
          0.24983053246302678,
          0.9643476111913564,
          2.5337678526643086
        ],
        [
          0.0,
          0.0,
          0.0,
          1.0
        ]
      ]
    },
    "003_13b7bb9d.jpg": {
      "camera_id": 3,
      "quaternion": [
        0.998533363451276,
        0.023249250600027468,
        -0.046185349005593776,
        0.01604705451011508
      ],
      "translation": [
        3.5036857966259563,
        -1.5279971583413754,
        -2.863955830521357
      ],
      "position": [
        -3.174953091190568,
        1.7740946233017203,
        3.09598023457296
      ],
      "transformation_matrix": [
        [
          0.9952188111575618,
          -0.034194588133103915,
          -0.09148905978605727,
          3.5036857966259563
        ],
        [
          0.0298994891207808,
          0.9984039287761731,
          -0.04791258242485696,
          -1.5279971583413754
        ],
        [
          0.09298138775284913,
          0.04494802717261114,
          0.9946527717675373,
          -2.863955830521357
        ],
        [
          0.0,
          0.0,
          0.0,
          1.0
        ]
      ]
    },
    "062_e1d9ac7c.jpg": {
      "camera_id": 62,
      "quaternion": [
        0.9877899305247941,
        0.13290997229494353,
        0.032920929134868236,
        0.07431153909909868
      ],
      "translation": [
        -0.31280888547951435,
        -1.0202099972355387,
        5.000531401558932
      ],
      "position": [
        0.6938255755354653,
        -0.4077648304305296,
        -5.049388680728397
      ],
      "transformation_matrix": [
        [
          0.9867880151632402,
          -0.13805734052930013,
          0.08479141381159798,
          -0.31280888547951435
        ],
        [
          0.1555594196462567,
          0.9536254688425609,
          -0.25768145477338034,
          -1.0202099972355387
        ],
        [
          -0.0452844354001747,
          0.267467074423718,
          0.9625023033789086,
          5.000531401558932
        ],
        [
          0.0,
          0.0,
          0.0,
          1.0
        ]
      ]
    },
    "013_46b35530.jpg": {
      "camera_id": 13,
      "quaternion": [
        0.9906636892835013,
        0.1297327436532377,
        0.03948969234715183,
        0.013979776741171923
      ],
      "translation": [
        0.22127766288447848,
        -0.6217380780079674,
        4.977905046201133
      ],
      "position": [
        0.1745157315520679,
        -0.6806035718730997,
        -4.9720603101858885
      ],
      "transformation_matrix": [
        [
          0.9964902600811886,
          -0.017452302135101582,
          0.08186927820318365,
          0.22127766288447848
        ],
        [
          0.03794472667197467,
          0.9659479621329407,
          -0.2559389227315929,
          -0.6217380780079674
        ],
        [
          -0.07461473903401586,
          0.25814715106195585,
          0.9632199588450612,
          4.977905046201133
        ],
        [
          0.0,
          0.0,
          0.0,
          1.0
        ]
      ]
    },
    "068_f1faa56e.jpg": {
      "camera_id": 68,
      "quaternion": [
        0.9836366941362668,
        0.17229168999326835,
        -0.014285634897969678,
        0.0506986010014258
      ],
      "translation": [
        0.920821385860481,
        1.929923207484273,
        2.520128515789931
      ],
      "position": [
        -1.2135497951579237,
        -2.5595851454618086,
        -1.7027577999660943
      ],
      "transformation_matrix": [
        [
          0.9944511449841202,
          -0.1046606009311482,
          -0.01063385407569304,
          0.920821385860481
        ],
        [
          0.09481541621435619,
          0.9354904508315235,
          -0.3403933801517464,
          1.929923207484273
        ],
        [
          0.04557364466301327,
          0.3374963333367696,
          0.9402229883896508,
          2.520128515789931
        ],
        [
          0.0,
          0.0,
          0.0,
          1.0
        ]
      ]
    },
    "039_defb8d63.jpg": {
      "camera_id": 39,
      "quaternion": [
        0.9957561912304042,
        0.04589163588985207,
        0.07949737803221565,
        -0.006613037704035704
      ],
      "translation": [
        -1.4827756201103568,
        -0.5741300800914971,
        -3.41923643981886
      ],
      "position": [
        0.9171231177821864,
        0.9109105334075759,
        3.542393810236417
      ],
      "transformation_matrix": [
        [
          0.9872728692366559,
          0.020466475926972028,
          0.15771304648744638,
          -1.4827756201103568
        ],
        [
          -0.005873417019562568,
          0.9957004509753564,
          -0.09244519944262126,
          -0.5741300800914971
        ],
        [
          -0.15892697896120428,
          0.09034232280942518,
          0.9831482492827124,
          -3.41923643981886
        ],
        [
          0.0,
          0.0,
          0.0,
          1.0
        ]
      ]
    },
    "052_f9072013.jpg": {
      "camera_id": 52,
      "quaternion": [
        0.9994562823777324,
        -0.01977905579396409,
        0.0023641276150566997,
        -0.0262743119453471
      ],
      "translation": [
        1.0976803640942754,
        -2.7200680356392293,
        -3.9184997534896984
      ],
      "position": [
        -1.2537098999463603,
        2.501225707708212,
        4.0162661844304175
      ],
      "transformation_matrix": [
        [
          0.9986081428648367,
          0.0524265318538544,
          0.005765046558252283,
          1.0976803640942754
        ],
        [
          -0.05261357270186344,
          0.9978368989673957,
          0.03941237149268098,
          -2.7200680356392293
        ],
        [
          -0.0036863222305921336,
          -0.03966083479842741,
          0.999206399705038,
          -3.9184997534896984
        ],
        [
          0.0,
          0.0,
          0.0,
          1.0
        ]
      ]
    },
    "017_22f7f808.jpg": {
      "camera_id": 17,
      "quaternion": [
        0.9983735473002943,
        0.04321601475333057,
        0.036552415817971355,
        -0.006823270311023125
      ],
      "translation": [
        0.19310770441298652,
        -0.8316073544803746,
        -4.021429602988627
      ],
      "position": [
        -0.4971559323353797,
        1.170191663135654,
        3.909506986794412
      ],
      "transformation_matrix": [
        [
          0.9972347277602656,
          0.016783644651728526,
          0.07239618098431262,
          0.19310770441298652
        ],
        [
          -0.01046504568669123,
          0.9961716381022052,
          -0.08679026592622285,
          -0.8316073544803746
        ],
        [
          -0.07357567918602116,
          0.0857926378716351,
          0.99359259393342,
          -4.021429602988627
        ],
        [
          0.0,
          0.0,
          0.0,
          1.0
        ]
      ]
    },
    "066_6d963e5e.jpg": {
      "camera_id": 66,
      "quaternion": [
        0.9887385410903196,
        0.10414286094238029,
        0.10283363657911003,
        -0.03123467728724118
      ],
      "translation": [
        -1.7844118873274126,
        1.916786425142883,
        -2.3560989477858425
      ],
      "position": [
        1.3260838030040987,
        -1.25295296240176,
        3.0134712303959046
      ],
      "transformation_matrix": [
        [
          0.9768992762453549,
          0.08318463673374263,
          0.19684542230587218,
          -1.7844118873274126
        ],
        [
          -0.040347080275912516,
          0.9763573188989959,
          -0.2123640716919261,
          1.916786425142883
        ],
        [
          -0.2098568969190933,
          0.19951616988063833,
          0.9571590154053031,
          -2.3560989477858425
        ],
        [
          0.0,
          0.0,
          0.0,
          1.0
        ]
      ]
    },
    "095_00690f89.jpg": {
      "camera_id": 95,
      "quaternion": [
        0.9956172278512806,
        0.08780310868377106,
        0.029723437859695986,
        0.012388177953114017
      ],
      "translation": [
        0.03884650930800319,
        -0.05396888782429963,
        0.4422244479691214
      ],
      "position": [
        -0.011941346022944072,
        -0.023766997534073978,
        -0.4464041762835317
      ],
      "transformation_matrix": [
        [
          0.9979261005776056,
          -0.019448146293915055,
          0.061361774678582975,
          0.03884650930800319
        ],
        [
          0.02988738727331586,
          0.9842742943049357,
          -0.1741001368537532,
          -0.05396888782429963
        ],
        [
          -0.057010892537738306,
          0.17557301380409018,
          0.9828142626945333,
          0.4422244479691214
        ],
        [
          0.0,
          0.0,
          0.0,
          1.0
        ]
      ]
    },
    "085_5abcaccb.jpg": {
      "camera_id": 85,
      "quaternion": [
        0.9946251151596756,
        0.0946647368013709,
        0.03993292691579505,
        0.012838584340461753
      ],
      "translation": [
        -0.5888395663583885,
        -0.3602681615195272,
        0.018931663236782744
      ],
      "position": [
        0.6001500720967927,
        0.3395213482859446,
        -0.037798624406383236
      ],
      "transformation_matrix": [
        [
          0.9964810642001413,
          -0.01797867682385372,
          0.08186730647955515,
          -0.5888395663583885
        ],
        [
          0.03309963688862219,
          0.9817475167169201,
          -0.18728648498490796,
          -0.3602681615195272
        ],
        [
          -0.07700586164958709,
          0.18933721398558767,
          0.9788878979085299,
          0.018931663236782744
        ],
        [
          0.0,
          0.0,
          0.0,
          1.0
        ]
      ]
    },
    "027_ffa4c67b.jpg": {
      "camera_id": 27,
      "quaternion": [
        0.9968917457179941,
        0.0643594544281232,
        0.04475959505215414,
        0.007828575592776667
      ],
      "translation": [
        -0.14860809016231916,
        -0.42598215384724564,
        -1.8061816883137072
      ],
      "position": [
        -0.002267673514535412,
        0.6539705144320769,
        1.7430303712121773
      ],
      "transformation_matrix": [
        [
          0.9958705841099107,
          -0.009847078542376098,
          0.09024862740654573,
          -0.14860809016231916
        ],
        [
          0.02136989101429755,
          0.991593148059805,
          -0.12761801000988313,
          -0.42598215384724564
        ],
        [
          -0.08823325599014402,
          0.12901962550335458,
          0.9877088785529631,
          -1.8061816883137072
        ],
        [
          0.0,
          0.0,
          0.0,
          1.0
        ]
      ]
    },
    "028_0021b8a3.jpg": {
      "camera_id": 28,
      "quaternion": [
        0.9737157365082264,
        0.20746176033196723,
        0.08771782417483363,
        0.03380629820368752
      ],
      "translation": [
        -1.5652440993656147,
        2.240641445600475,
        5.38785759264663
      ],
      "position": [
        2.1533168342218074,
        -4.2974669952183735,
        -3.6598465341387096
      ],
      "transformation_matrix": [
        [
          0.9823254350475926,
          -0.0294392606764387,
          0.18485147981388336,
          -1.5652440993656147
        ],
        [
          0.1022316375396426,
          0.9116335044034495,
          -0.3980867316742031,
          2.240641445600475
        ],
        [
          -0.1567974232713056,
          0.4099483913615353,
          0.8985304026439886,
          5.38785759264663
        ],
        [
          0.0,
          0.0,
          0.0,
          1.0
        ]
      ]
    },
    "041_e75de60a.jpg": {
      "camera_id": 41,
      "quaternion": [
        0.9962721060263289,
        0.0679650636228847,
        0.052866762614768,
        -0.005267474844216621
      ],
      "translation": [
        -0.6278267019375232,
        -0.39840197478916256,
        -0.9133427442713347
      ],
      "position": [
        0.5260990326289477,
        0.5289796645782653,
        0.9113099319245325
      ],
      "transformation_matrix": [
        [
          0.9943547182387986,
          0.017681862282274103,
          0.10462335333217955,
          -0.6278267019375232
        ],
        [
          -0.003309490743679506,
          0.9907060076710055,
          -0.13598034282790647,
          -0.39840197478916256
        ],
        [
          -0.10605537038385605,
          0.13486644545923263,
          0.985171711074742,
          -0.9133427442713347
        ],
        [
          0.0,
          0.0,
          0.0,
          1.0
        ]
      ]
    },
    "054_f0cd83d5.jpg": {
      "camera_id": 54,
      "quaternion": [
        0.9869500238205757,
        0.10145205701036107,
        0.12402114572894449,
        0.0159964377600561
      ],
      "translation": [
        -3.107967989945468,
        -0.35441055299430824,
        0.8116099170999118
      ],
      "position": [
        3.2269299293203955,
        0.16125830072752267,
        -0.06856760049085531
      ],
      "transformation_matrix": [
        [
          0.9687257387821372,
          -0.006410968562697104,
          0.2480510884940655,
          -3.107967989945468
        ],
        [
          0.056739769950629806,
          0.9789031882147102,
          -0.1962884270888767,
          -0.35441055299430824
        ],
        [
          -0.24155960243168192,
          0.20422401324321235,
          0.9486524710808928,
          0.8116099170999118
        ],
        [
          0.0,
          0.0,
          0.0,
          1.0
        ]
      ]
    },
    "035_2238b9ea.jpg": {
      "camera_id": 35,
      "quaternion": [
        0.9947785758391672,
        0.09637263824756549,
        0.022988802966136104,
        0.024482944814430294
      ],
      "translation": [
        0.2729221984765473,
        -1.1387583261336884,
        2.5942229184459764
      ],
      "position": [
        -0.10538025312520069,
        0.6279914705488938,
        -2.7741253247680677
      ],
      "transformation_matrix": [
        [
          0.9977442007027955,
          -0.04427923476569579,
          0.05045650931747259,
          0.2729221984765473
        ],
        [
          0.05314120113369577,
          0.9802258000208349,
          -0.19061320446281346,
          -1.1387583261336884
        ],
        [
          -0.04101856538212779,
          0.19286453884029234,
          0.980367659070776,
          2.5942229184459764
        ],
        [
          0.0,
          0.0,
          0.0,
          1.0
        ]
      ]
    },
    "063_1fb10bab.jpg": {
      "camera_id": 63,
      "quaternion": [
        0.9994414121435773,
        0.030839241457788512,
        -0.009187620216330263,
        -0.009021779953030249
      ],
      "translation": [
        1.4505365934655585,
        -0.42410327692360417,
        -5.588890980520566
      ],
      "position": [
        -1.3584140565715412,
        0.743339584028878,
        5.578689801767863
      ],
      "transformation_matrix": [
        [
          0.9996683902424791,
          0.017466802516062602,
          -0.018921425947197066,
          1.4505365934655585
        ],
        [
          -0.018600159469158075,
          0.9979350973455746,
          -0.06147825268825032,
          -0.42410327692360417
        ],
        [
          0.017808526545794925,
          0.06180980743978529,
          0.9979290576421374,
          -5.588890980520566
        ],
        [
          0.0,
          0.0,
          0.0,
          1.0
        ]
      ]
    }
  }
}