{
  "cameras": {
    "59": {
      "model": "SIMPLE_RADIAL",
      "width": 400,
      "height": 450,
      "params": [
        540.0,
        200.0,
        225.0,
        -0.5154598261504708
      ]
    },
    "1": {
      "model": "SIMPLE_RADIAL",
      "width": 474,
      "height": 474,
      "params": [
        568.8,
        237.0,
        237.0,
        -0.2373084747496259
      ]
    },
    "69": {
      "model": "SIMPLE_RADIAL",
      "width": 474,
      "height": 474,
      "params": [
        568.8,
        237.0,
        237.0,
        -0.2652226864102396
      ]
    },
    "40": {
      "model": "SIMPLE_RADIAL",
      "width": 474,
      "height": 395,
      "params": [
        568.8,
        237.0,
        197.5,
        -0.26836876985271074
      ]
    },
    "4": {
      "model": "SIMPLE_RADIAL",
      "width": 474,
      "height": 474,
      "params": [
        568.8,
        237.0,
        237.0,
        -0.6156666968436265
      ]
    },
    "27": {
      "model": "SIMPLE_RADIAL",
      "width": 474,
      "height": 474,
      "params": [
        568.8,
        237.0,
        237.0,
        -1.2369767953761832
      ]
    },
    "56": {
      "model": "SIMPLE_RADIAL",
      "width": 264,
      "height": 302,
      "params": [
        362.4,
        132.0,
        151.0,
        0.3231029472374694
      ]
    },
    "5": {
      "model": "SIMPLE_RADIAL",
      "width": 474,
      "height": 474,
      "params": [
        568.8,
        237.0,
        237.0,
        -0.06162244010309805
      ]
    },
    "31": {
      "model": "SIMPLE_RADIAL",
      "width": 474,
      "height": 474,
      "params": [
        568.8,
        237.0,
        237.0,
        -0.6653661456883193
      ]
    },
    "73": {
      "model": "SIMPLE_RADIAL",
      "width": 300,
      "height": 300,
      "params": [
        360.0,
        150.0,
        150.0,
        0.4018170430096727
      ]
    },
    "44": {
      "model": "SIMPLE_RADIAL",
      "width": 474,
      "height": 403,
      "params": [
        568.8,
        237.0,
        201.5,
        -0.7179697632305203
      ]
    },
    "13": {
      "model": "SIMPLE_RADIAL",
      "width": 474,
      "height": 426,
      "params": [
        568.8,
        237.0,
        213.0,
        -0.8716171193553341
      ]
    },
    "53": {
      "model": "SIMPLE_RADIAL",
      "width": 474,
      "height": 556,
      "params": [
        667.1999999999999,
        237.0,
        278.0,
        -1.2504050704102105
      ]
    },
    "24": {
      "model": "SIMPLE_RADIAL",
      "width": 474,
      "height": 474,
      "params": [
        568.8,
        237.0,
        237.0,
        -0.046183689746932585
      ]
    },
    "70": {
      "model": "SIMPLE_RADIAL",
      "width": 474,
      "height": 592,
      "params": [
        710.4,
        237.0,
        296.0,
        -0.8976063532763153
      ]
    },
    "12": {
      "model": "SIMPLE_RADIAL",
      "width": 474,
      "height": 474,
      "params": [
        568.8,
        237.0,
        237.0,
        -0.3416743036092018
      ]
    },
    "41": {
      "model": "SIMPLE_RADIAL",
      "width": 474,
      "height": 474,
      "params": [
        568.8,
        237.0,
        237.0,
        -1.0285256903782867
      ]
    }
  },
  "images": {
    "069_80468bd5.jpg": {
      "camera_id": 69,
      "quaternion": [
        0.9885021064142936,
        0.10012757110074781,
        -0.060860213360452456,
        0.09557243090813143
      ],
      "translation": [
        0.4216064411978337,
        -0.7093961870606629,
        6.269004655942588
      ],
      "position": [
        -1.1596626335088907,
        -0.4010255569805401,
        -6.202884441676891
      ],
      "transformation_matrix": [
        [
          0.9743238897600612,
          -0.2011346692165557,
          -0.1011820274652107,
          0.4216064411978337
        ],
        [
          0.17675952785473414,
          0.9616807599115502,
          -0.2095857469593643,
          -0.7093961870606629
        ],
        [
          0.13945976894931164,
          0.18631951281358036,
          0.9725410078703698,
          6.269004655942588
        ],
        [
          0.0,
          0.0,
          0.0,
          1.0
        ]
      ]
    },
    "040_630a0d6a.jpg": {
      "camera_id": 40,
      "quaternion": [
        0.9939545295368813,
        0.027916211429643522,
        -0.1050023710251955,
        -0.015798114812204313
      ],
      "translation": [
        1.0554106635862446,
        -0.1828842927369589,
        1.8993123956004678
      ],
      "position": [
        -1.4332046769045894,
        0.04384649900876865,
        -1.6427804929589733
      ],
      "transformation_matrix": [
        [
          0.9774498432949351,
          0.025542678771161887,
          -0.20961721161178504,
          1.0554106635862446
        ],
        [
          -0.03726775233177482,
          0.9979422094155916,
          -0.05217721056998745,
          -0.1828842927369589
        ],
        [
          0.20785311755863595,
          0.0588125686220263,
          0.9763903744370052,
          1.8993123956004678
        ],
        [
          0.0,
          0.0,
          0.0,
          1.0
        ]
      ]
    },
    "059_181bfc6b.jpg": {
      "camera_id": 59,
      "quaternion": [
        0.9972523810879771,
        0.029145863562657956,
        0.025429587831036753,
        -0.06317866027616097
      ],
      "translation": [
        -1.9399186968035573,
        0.6642331990826933,
        -2.9148208648018366
      ],
      "position": [
        1.8460659623081146,
        -0.2503998781189516,
        3.0380933709649534
      ],
      "transformation_matrix": [
        [
          0.990723585896906,
          0.12749247338345587,
          0.047036640804213485,
          -1.9399186968035573
        ],
        [
          -0.12452780419394377,
          0.9903179510457927,
          -0.061344778254531655,
          0.6642331990826933
        ],
        [
          -0.05440222725413551,
          0.05491834909237218,
          0.9970077093998609,
          -2.9148208648018366
        ],
        [
          0.0,
          0.0,
          0.0,
          1.0
        ]
      ]
    },
    "001_beebcee2.jpg": {
      "camera_id": 1,
      "quaternion": [
        0.992232444427937,
        0.06759873027209827,
        -0.0924421000705057,
        0.04857618783638382
      ],
      "translation": [
        1.5031065364974026,
        1.0099633845643683,
        -3.2185037787754203
      ],
      "position": [
        -0.9434934086636477,
        -0.4294367066375072,
        3.5445064783428135
      ],
      "transformation_matrix": [
        [
          0.9781896242196779,
          -0.10889567637267634,
          -0.1768807246036227,
          1.5031065364974026
        ],
        [
          0.08389980201886661,
          0.9861415312817688,
          -0.14312827639024706,
          1.0099633845643683
        ],
        [
          0.19001547908041666,
          0.12516633712218833,
          0.9737697396003094,
          -3.2185037787754203
        ],
        [
          0.0,
          0.0,
          0.0,
          1.0
        ]
      ]
    },
    "005_37066c18.jpg": {
      "camera_id": 5,
      "quaternion": [
        0.993183768273798,
        0.07099222279160419,
        -0.05936717839354335,
        0.0708635651809539
      ],
      "translation": [
        0.1598582161041321,
        -0.19651074594255516,
        2.0769879821442743
      ],
      "position": [
        -0.3969477977748747,
        -0.05900858888151242,
        -2.0535336940938
      ],
      "transformation_matrix": [
        [
          0.9829077865188678,
          -0.14919030130951805,
          -0.10786351188309708,
          0.1598582161041321
        ],
        [
          0.1323318694894247,
          0.9798769188659038,
          -0.14943058653199726,
          -0.19651074594255516
        ],
        [
          0.12798655991163166,
          0.13260270686919656,
          0.9828712848653929,
          2.0769879821442743
        ],
        [
          0.0,
          0.0,
          0.0,
          1.0
        ]
      ]
    },
    "031_7ad763d7.jpg": {
      "camera_id": 31,
      "quaternion": [
        0.9992847118988201,
        0.005526776082789463,
        0.023247510428520413,
        0.029309939786678046
      ],
      "translation": [
        -2.103833500823816,
        -0.1310019489377558,
        -3.021808247861388
      ],
      "position": [
        1.9662327404347166,
        0.04556707165658926,
        3.1155183275147684
      ],
      "transformation_matrix": [
        [
          0.9972009613771542,
          -0.05832098190176318,
          0.0467857424702597,
          -2.103833500823816
        ],
        [
          0.05883491704024616,
          0.998220764351664,
          -0.00968287942953891,
          -0.1310019489377558
        ],
        [
          -0.046137784573455645,
          0.012408411952939322,
          0.998858016010013,
          -3.021808247861388
        ],
        [
          0.0,
          0.0,
          0.0,
          1.0
        ]
      ]
    },
    "004_af9b4c7c.jpg": {
      "camera_id": 4,
      "quaternion": [
        0.9967296534255473,
        0.05155854777163229,
        -0.053231476205030936,
        0.03221993288171176
      ],
      "translation": [
        0.3364680324271637,
        -0.31033589457130095,
        1.807047998772408
      ],
      "position": [
        -0.513391757340646,
        0.15197002010270616,
        -1.785574302754385
      ],
      "transformation_matrix": [
        [
          0.9922565717322624,
          -0.06971820028690912,
          -0.10279235576098047,
          0.3364680324271637
        ],
        [
          0.05874004985142273,
          0.9926071841535566,
          -0.10621009608412822,
          -0.31033589457130095
        ],
        [
          0.10943720755570255,
          0.0993496377220461,
          0.9890162521854271,
          1.807047998772408
        ],
        [
          0.0,
          0.0,
          0.0,
          1.0
        ]
      ]
    },
    "027_803986e2.jpg": {
      "camera_id": 27,
      "quaternion": [
        0.9911695598379529,
        0.003712370894532714,
        -0.12520898581188528,
        -0.043495193124520964
      ],
      "translation": [
        2.571212291881946,
        -1.8086542995404902,
        2.654542460264962
      ],
      "position": [
        -3.2965098934724466,
        1.5340073124317595,
        -1.9258252221229315
      ],
      "transformation_matrix": [
        [
          0.9648617560940396,
          0.08529257845927238,
          -0.24852961128786072,
          2.571212291881946
        ],
        [
          -0.0871518672379204,
          0.9961887729548041,
          0.0035327999866482758,
          -1.8086542995404902
        ],
        [
          0.24788373013183052,
          0.018251156088605145,
          0.9686178563486011,
          2.654542460264962
        ],
        [
          0.0,
          0.0,
          0.0,
          1.0
        ]
      ]
    },
    "056_abd6e06b.jpg": {
      "camera_id": 56,
      "quaternion": [
        0.9982945546576351,
        0.016833023013420097,
        -0.04797438947097363,
        0.028689535235538653
      ],
      "translation": [
        0.04850395745253008,
        0.4590096183598225,
        -2.3784076151574762
      ],
      "position": [
        0.1563612098917907,
        -0.3817492620331672,
        2.387401080768116
      ],
      "transformation_matrix": [
        [
          0.9937507370457123,
          -0.05889632160663254,
          -0.09481928033006681,
          0.04850395745253008
        ],
        [
          0.055666105598553825,
          0.997787119808397,
          -0.03636135629970978,
          0.4590096183598225
        ],
        [
          0.0967510067575234,
          0.030855904551185975,
          0.994830214582234,
          -2.3784076151574762
        ],
        [
          0.0,
          0.0,
          0.0,
          1.0
        ]
      ]
    },
    "041_bcfa1766.jpg": {
      "camera_id": 41,
      "quaternion": [
        0.9995454900573173,
        -0.010683469389210084,
        0.02285068500841349,
        0.016508270125413588
      ],
      "translation": [
        -2.223179300552972,
        -0.612653650675755,
        -1.432857908276336
      ],
      "position": [
        2.1736060449600707,
        0.5082052298434278,
        1.5453532570504374
      ],
      "transformation_matrix": [
        [
          0.9984106464242253,
          -0.03348978309262993,
          0.04532786709265278,
          -2.223179300552972
        ],
        [
          0.032513284717390456,
          0.9992266809985524,
          0.02211167785363994,
          -0.612653650675755
        ],
        [
          -0.04603332948686745,
          -0.020602776730961427,
          0.9987274193529121,
          -1.432857908276336
        ],
        [
          0.0,
          0.0,
          0.0,
          1.0
        ]
      ]
    },
    "070_6743629d.jpg": {
      "camera_id": 70,
      "quaternion": [
        0.994120350371198,
        0.032200474795389115,
        -0.0762626808333898,
        0.0697987242928029
      ],
      "translation": [
        1.1958437430638744,
        -0.22294450429614485,
        0.6961630689255204
      ],
      "position": [
        -1.2491247317113516,
        0.3549797728699383,
        -0.5273199160252917
      ],
      "transformation_matrix": [
        [
          0.9786242831984036,
          -0.1436880535628565,
          -0.1471334618559912,
          1.1958437430638744
        ],
        [
          0.13386527543483898,
          0.9881825350200976,
          -0.0746683702380619,
          -0.22294450429614485
        ],
        [
          0.15612367010535405,
          0.05337621890478271,
          0.986294265870112,
          0.6961630689255204
        ],
        [
          0.0,
          0.0,
          0.0,
          1.0
        ]
      ]
    },
    "012_19e90fb6.jpg": {
      "camera_id": 12,
      "quaternion": [
        0.9922714707242091,
        0.11067460352071018,
        -0.030264328662995818,
        -0.04724966595571814
      ],
      "translation": [
        -2.7418277246837697,
        0.6215189305249565,
        8.414930969876549
      ],
      "position": [
        2.36960644903597,
        -2.237096246442934,
        -8.251989695914013
      ],
      "transformation_matrix": [
        [
          0.9937030789553024,
          0.08707000590702102,
          -0.0705195359180936,
          -2.7418277246837697
        ],
        [
          -0.10046797620941111,
          0.9710372024052133,
          -0.2167785443752264,
          0.6215189305249565
        ],
        [
          0.049602183733553185,
          0.22249846205402887,
          0.9736704050922236,
          8.414930969876549
        ],
        [
          0.0,
          0.0,
          0.0,
          1.0
        ]
      ]
    },
    "013_19a43131.jpg": {
      "camera_id": 13,
      "quaternion": [
        0.9776750023470839,
        -0.04123755900409331,
        -0.08785409927500104,
        0.1863671396829161
      ],
      "translation": [
        1.5832102713782819,
        -1.3593282843715242,
        3.4831748461464103
      ],
      "position": [
        -1.4884064239966674,
        2.220672290848158,
        -3.0561570723020504
      ],
      "transformation_matrix": [
        [
          0.9150978929739734,
          -0.35716721024861997,
          -0.18715616526797188,
          1.5832102713782819
        ],
        [
          0.37165876465903724,
          0.9271335059475847,
          0.047887626809628075,
          -1.3593282843715242
        ],
        [
          0.1564148615915785,
          -0.11338009557483167,
          0.9811622419359244,
          3.4831748461464103
        ],
        [
          0.0,
          0.0,
          0.0,
          1.0
        ]
      ]
    },
    "053_8405b30f.jpg": {
      "camera_id": 53,
      "quaternion": [
        0.9952810393295043,
        0.014129438784057253,
        -0.08004335663191389,
        0.053000686504286174
      ],
      "translation": [
        1.2325272885112801,
        -0.11935935628514541,
        -1.426780418752692
      ],
      "position": [
        -0.9680190670438098,
        0.2794852081548406,
        1.5980925005944298
      ],
      "transformation_matrix": [
        [
          0.9815679765783412,
          -0.10776309211352854,
          -0.15783353044911622,
          1.2325272885112801
        ],
        [
          0.10323922128312417,
          0.9939825723794439,
          -0.036610230739475905,
          -0.11935935628514541
        ],
        [
          0.1608290102710175,
          0.019640819333080532,
          0.9867868400374876,
          -1.426780418752692
        ],
        [
          0.0,
          0.0,
          0.0,
          1.0
        ]
      ]
    },
    "024_b222784a.jpg": {
      "camera_id": 24,
      "quaternion": [
        0.9999855321006652,
        -0.0017634445109457316,
        0.004932590964188345,
        0.0012228651545501497
      ],
      "translation": [
        -1.2443159379229736,
        -0.12470088671532567,
        -2.8131639643847333
      ],
      "position": [
        1.216790372117582,
        0.11174723787533274,
        2.825720739949144
      ],
      "transformation_matrix": [
        [
          0.9999483482943876,
          -0.0024630916254414644,
          0.009860726290228796,
          -1.2443159379229736
        ],
        [
          0.0024282982235993102,
          0.9999907897285413,
          0.003538901782439639,
          -0.12470088671532567
        ],
        [
          -0.009869352109606468,
          -0.0035147742079926197,
          0.9999451196196737,
          -2.8131639643847333
        ],
        [
          0.0,
          0.0,
          0.0,
          1.0
        ]
      ]
    },
    "044_988edbe9.jpg": {
      "camera_id": 44,
      "quaternion": [
        0.9924221324562983,
        0.016245038527469315,
        0.08325850045832411,
        0.08889562326439814
      ],
      "translation": [
        -2.5682134451422463,
        -0.5254015727749863,
        -3.505003508428579
      ],
      "position": [
        2.0170461085661704,
        0.23551996557283644,
        3.8772247869210683
      ],
      "transformation_matrix": [
        [
          0.9703311805317308,
          -0.17373889291680183,
          0.1681433827896345,
          -2.5682134451422463
        ],
        [
          0.17914904310754104,
          0.9836673337753504,
          -0.017441238973927846,
          -0.5254015727749863
        ],
        [
          -0.16236693149022033,
          0.04704650413513544,
          0.9856082416493446,
          -3.505003508428579
        ],
        [
          0.0,
          0.0,
          0.0,
          1.0
        ]
      ]
    },
    "073_f04cd664.jpg": {
      "camera_id": 73,
      "quaternion": [
        0.997554822449505,
        0.0037119973922774573,
        -0.018540036055756767,
        -0.06728197638407751
      ],
      "translation": [
        -0.8117656409869451,
        0.3485982624203575,
        -2.7145567695826034
      ],
      "position": [
        0.9497540304042472,
        -0.20970106820054124,
        2.6838955649321785
      ],
      "transformation_matrix": [
        [
          0.9902588054338073,
          0.1340972788807571,
          -0.037488905793385666,
          -0.8117656409869451
        ],
        [
          -0.13437256114272386,
          0.9909187134584243,
          -0.004911021263045984,
          0.3485982624203575
        ],
        [
          0.03648990370984578,
          0.009900662335299473,
          0.9992849762768219,
          -2.7145567695826034
        ],
        [
          0.0,
          0.0,
          0.0,
          1.0
        ]
      ]
    }
  }
}