{
  "cameras": {
    "92": {
      "model": "SIMPLE_RADIAL",
      "width": 474,
      "height": 568,
      "params": [
        681.6,
        237.0,
        284.0,
        0.6600486022793733
      ]
    },
    "84": {
      "model": "SIMPLE_RADIAL",
      "width": 474,
      "height": 474,
      "params": [
        568.8,
        237.0,
        237.0,
        0.9678661111291073
      ]
    },
    "71": {
      "model": "SIMPLE_RADIAL",
      "width": 474,
      "height": 507,
      "params": [
        608.4,
        237.0,
        253.5,
        -0.91801761646801
      ]
    },
    "43": {
      "model": "SIMPLE_RADIAL",
      "width": 474,
      "height": 474,
      "params": [
        568.8,
        237.0,
        237.0,
        1.283745233614094
      ]
    },
    "23": {
      "model": "SIMPLE_RADIAL",
      "width": 474,
      "height": 463,
      "params": [
        568.8,
        237.0,
        231.5,
        0.0023719139446257242
      ]
    },
    "98": {
      "model": "SIMPLE_RADIAL",
      "width": 474,
      "height": 474,
      "params": [
        568.8,
        237.0,
        237.0,
        1.0688790732791087
      ]
    },
    "20": {
      "model": "SIMPLE_RADIAL",
      "width": 474,
      "height": 588,
      "params": [
        705.6,
        237.0,
        294.0,
        0.2342897473938549
      ]
    },
    "99": {
      "model": "SIMPLE_RADIAL",
      "width": 474,
      "height": 529,
      "params": [
        634.8,
        237.0,
        264.5,
        -1.138192436444823
      ]
    },
    "8": {
      "model": "SIMPLE_RADIAL",
      "width": 474,
      "height": 568,
      "params": [
        681.6,
        237.0,
        284.0,
        2.385954293269829
      ]
    },
    "94": {
      "model": "SIMPLE_RADIAL",
      "width": 474,
      "height": 474,
      "params": [
        568.8,
        237.0,
        237.0,
        0.3749764444273323
      ]
    },
    "3": {
      "model": "SIMPLE_RADIAL",
      "width": 474,
      "height": 479,
      "params": [
        574.8,
        237.0,
        239.5,
        -1.3551855538528261
      ]
    },
    "2": {
      "model": "SIMPLE_RADIAL",
      "width": 474,
      "height": 568,
      "params": [
        681.6,
        237.0,
        284.0,
        0.26289876336862367
      ]
    }
  },
  "images": {
    "092_7716bdbb.jpg": {
      "camera_id": 92,
      "quaternion": [
        0.9952475884029226,
        0.05791800350898523,
        -0.035815295840432075,
        0.06960608616753525
      ],
      "translation": [
        1.0959186033045405,
        -1.8734695172282065,
        3.3010065039082246
      ],
      "position": [
        -1.092634750331573,
        1.6350336411112805,
        -3.426424353564356
      ],
      "transformation_matrix": [
        [
          0.9877445147046,
          -0.14269927965313395,
          -0.06322728254045842,
          1.0959186033045405
        ],
        [
          0.13440187793248798,
          0.9836009952759417,
          -0.12027143177162888,
          -1.8734695172282065
        ],
        [
          0.07935306471205056,
          0.11029958149808936,
          0.990725538906791,
          3.3010065039082246
        ],
        [
          0.0,
          0.0,
          0.0,
          1.0
        ]
      ]
    },
    "043_f14565e2.jpg": {
      "camera_id": 43,
      "quaternion": [
        0.9969625594731483,
        -0.0402849846815862,
        -0.029171881064038795,
        0.05993143059479946
      ],
      "translation": [
        0.6896496052937486,
        -3.0127999490396618,
        -1.8750565809861675
      ],
      "position": [
        -0.21640300924111527,
        2.90499912381864,
        2.140693140344751
      ],
      "transformation_matrix": [
        [
          0.9911144499640926,
          -0.11714840731376151,
          -0.06299521994741486,
          0.6896496052937486
        ],
        [
          0.12184916244095294,
          0.9895706872721302,
          0.07682861774236313,
          -3.0127999490396618
        ],
        [
          0.053337872893586685,
          -0.08382186800359986,
          0.9950522427287799,
          -1.8750565809861675
        ],
        [
          0.0,
          0.0,
          0.0,
          1.0
        ]
      ]
    },
    "023_06dbacd1.jpg": {
      "camera_id": 23,
      "quaternion": [
        0.9991126303657829,
        0.019133807464997862,
        -0.03750446383047594,
        0.0011244768772504811
      ],
      "translation": [
        1.080179649982579,
        -1.7175793708794087,
        -0.030780487671295795
      ],
      "position": [
        -1.0734358546193254,
        1.721469060349126,
        0.04576188596038025
      ],
      "transformation_matrix": [
        [
          0.9971843014890821,
          -0.0036821644812510654,
          -0.07489933596811406,
          1.080179649982579
        ],
        [
          0.0008117517212098539,
          0.9992652659272898,
          -0.03831800321527502,
          -1.7175793708794087
        ],
        [
          0.07498539806438666,
          0.03814931160579084,
          0.9964546252093619,
          -0.030780487671295795
        ],
        [
          0.0,
          0.0,
          0.0,
          1.0
        ]
      ]
    },
    "098_f4f39b7c.jpg": {
      "camera_id": 98,
      "quaternion": [
        0.9961029156454612,
        0.08463119083077332,
        0.02456525820142851,
        0.0036181584644194627
      ],
      "translation": [
        -0.8979483177190005,
        1.6100658683969653,
        -2.0364957040642526
      ],
      "position": [
        0.7801239363682457,
        -1.2459777967151675,
        2.3205352849162932
      ],
      "transformation_matrix": [
        [
          0.998766914037647,
          -0.003050142282046432,
          0.04955146875496955,
          -0.8979483177190005
        ],
        [
          0.011366090500655695,
          0.9856489409357831,
          -0.16842498988837715,
          1.6100658683969653
        ],
        [
          -0.0483266325171365,
          0.16878051387594575,
          0.9844682192561247,
          -2.0364957040642526
        ],
        [
          0.0,
          0.0,
          0.0,
          1.0
        ]
      ]
    },
    "020_a7a653f4.jpg": {
      "camera_id": 20,
      "quaternion": [
        0.9945679760774301,
        0.10251161006713566,
        -0.016794491783103705,
        -0.006622371813437518
      ],
      "translation": [
        0.05711149187972279,
        1.0017574082036738,
        2.261893516753153
      ],
      "position": [
        -0.11291994999573154,
        -1.4428957891264151,
        -2.007048264277627
      ],
      "transformation_matrix": [
        [
          0.9993481784746236,
          0.009729537076755064,
          -0.03476426739805836,
          0.05711149187972279
        ],
        [
          -0.016616058648536026,
          0.9788950279860162,
          -0.20368709035980878,
          1.0017574082036738
        ],
        [
          0.032048787409823566,
          0.2041319678358305,
          0.9784186296943815,
          2.261893516753153
        ],
        [
          0.0,
          0.0,
          0.0,
          1.0
        ]
      ]
    },
    "084_25462eb9.jpg": {
      "camera_id": 84,
      "quaternion": [
        0.996989064979403,
        0.06829844191802438,
        -0.004837769257822325,
        0.036396746168772615
      ],
      "translation": [
        -0.6384217270146685,
        -2.983263063769843,
        9.274598179705698
      ],
      "position": [
        0.7156603488744442,
        1.640971657667438,
        -9.597950535815402
      ],
      "transformation_matrix": [
        [
          0.9973037457138679,
          -0.07323514006753092,
          -0.004674723989458773,
          -0.6384217270146685
        ],
        [
          0.07191349165685819,
          0.9880211993997923,
          -0.13653775761420248,
          -2.983263063769843
        ],
        [
          0.014618088206310744,
          0.1358334413754023,
          0.9906238376403566,
          9.274598179705698
        ],
        [
          0.0,
          0.0,
          0.0,
          1.0
        ]
      ]
    },
    "071_6e010995.jpg": {
      "camera_id": 71,
      "quaternion": [
        0.9962027534933285,
        0.07905040562307249,
        0.03585912367512741,
        0.006725366338727831
      ],
      "translation": [
        -1.8824717293808577,
        0.8748684714606371,
        -2.7620080607039394
      ],
      "position": [
        1.6663799166554933,
        -0.44205760087658535,
        2.9942521992213735
      ],
      "transformation_matrix": [
        [
          0.9973377853937236,
          -0.007730300386170535,
          0.07250920136011986,
          -1.8824717293808577
        ],
        [
          0.019069013473397508,
          0.9874116056368752,
          -0.15701813200633666,
          0.8748684714606371
        ],
        [
          -0.07038262961195908,
          0.15798279497954057,
          0.9849303132401592,
          -2.7620080607039394
        ],
        [
          0.0,
          0.0,
          0.0,
          1.0
        ]
      ]
    },
    "099_61c7b659.jpg": {
      "camera_id": 99,
      "quaternion": [
        0.9956052310823785,
        0.07614230541860252,
        -0.018017106009965114,
        -0.05145830407203264
      ],
      "translation": [
        0.39616510604204463,
        1.8954716666679596,
        -3.9987904810083617
      ],
      "position": [
        -0.08226673057346114,
        -1.2892678286561914,
        4.251012302078448
      ],
      "transformation_matrix": [
        [
          0.9940548536661118,
          0.09972058545634652,
          -0.04371215779492611,
          0.39616510604204463
        ],
        [
          -0.10520804141062692,
          0.983108784535141,
          -0.14976109572374796,
          1.8954716666679596
        ],
        [
          0.028039542175022,
          0.15346961460198327,
          0.9877554664331318,
          -3.9987904810083617
        ],
        [
          0.0,
          0.0,
          0.0,
          1.0
        ]
      ]
    },
    "008_6c01eb52.jpg": {
      "camera_id": 8,
      "quaternion": [
        0.9983209843922515,
        0.055970566939431775,
        0.01392985159666293,
        0.0053354468472374475
      ],
      "translation": [
        -0.6105739506721806,
        -0.5786825434191065,
        0.34656802475227094
      ],
      "position": [
        0.626801362006959,
        0.5306899708562105,
        -0.39149921902474677
      ],
      "transformation_matrix": [
        [
          0.9995549844828705,
          -0.009093653714918501,
          0.028410182286667193,
          -0.6105739506721806
        ],
        [
          0.012212300479907992,
          0.9936776572868378,
          -0.11160453900236407,
          -0.5786825434191065
        ],
        [
          -0.027215670347006855,
          0.11190182693349966,
          0.993346509741947,
          0.34656802475227094
        ],
        [
          0.0,
          0.0,
          0.0,
          1.0
        ]
      ]
    },
    "094_b043e45c.jpg": {
      "camera_id": 94,
      "quaternion": [
        0.9971322707567074,
        0.07326380675196417,
        -0.012287628658875418,
        -0.014445186662863098
      ],
      "translation": [
        0.5393522353643814,
        -1.6286983497637257,
        5.339175168497176
      ],
      "position": [
        -0.7083498060872104,
        0.8139795422583505,
        -5.503274342172448
      ],
      "transformation_matrix": [
        [
          0.9992807015284333,
          0.02700704665428288,
          -0.026621400862007386,
          0.5393522353643814
        ],
        [
          -0.030608000460297862,
          0.9888475024049718,
          -0.14575241780249043,
          -1.6286983497637257
        ],
        [
          0.02238816340535118,
          0.14646240616097606,
          0.9889628576043049,
          5.339175168497176
        ],
        [
          0.0,
          0.0,
          0.0,
          1.0
        ]
      ]
    },
    "003_acb20793.jpg": {
      "camera_id": 3,
      "quaternion": [
        0.9954089649066354,
        0.08403560908308817,
        0.04316400332872342,
        0.015358313910484232
      ],
      "translation": [
        -1.7961423545659627,
        0.7775430340561191,
        -3.6032893711957885
      ],
      "position": [
        1.458851939529601,
        -0.2004757400960313,
        3.8270034382544216
      ],
      "transformation_matrix": [
        [
          0.99580198202093,
          -0.023320980084305144,
          0.08851296227725591,
          -1.7961423545659627
        ],
        [
          0.037830233325080016,
          0.9854042771997229,
          -0.16597374467987946,
          0.7775430340561191
        ],
        [
          -0.08335038122142868,
          0.16862544993090234,
          0.9821497704453447,
          -3.6032893711957885
        ],
        [
          0.0,
          0.0,
          0.0,
          1.0
        ]
      ]
    },
    "002_590bb980.jpg": {
      "camera_id": 2,
      "quaternion": [
        0.9922151881835634,
        0.1245075335371835,
        0.001901677145240451,
        -0.0018105398030440266
      ],
      "translation": [
        -0.0794672251057168,
        2.650936475314227,
        -4.011175789096571
      ],
      "position": [
        0.07078970837637333,
        -1.5773658647357296,
        4.542049778790013
      ],
      "transformation_matrix": [
        [
          0.9999862111393137,
          0.004066436444658162,
          0.003322894202562452,
          -0.0794672251057168
        ],
        [
          -0.0031193439209064792,
          0.9689891920762175,
          -0.2470834177620637,
          2.650936475314227
        ],
        [
          -0.0042245975835540905,
          0.24706964551340768,
          0.9689885154330448,
          -4.011175789096571
        ],
        [
          0.0,
          0.0,
          0.0,
          1.0
        ]
      ]
    }
  }
}