{
  "cameras": {
    "92": {
      "model": "SIMPLE_RADIAL",
      "width": 474,
      "height": 474,
      "params": [
        568.8,
        237.0,
        237.0,
        -0.48052183906522283
      ]
    },
    "91": {
      "model": "SIMPLE_RADIAL",
      "width": 474,
      "height": 474,
      "params": [
        568.8,
        237.0,
        237.0,
        -0.032947677151436525
      ]
    },
    "86": {
      "model": "SIMPLE_RADIAL",
      "width": 474,
      "height": 592,
      "params": [
        710.4,
        237.0,
        296.0,
        -0.38498301401656676
      ]
    },
    "82": {
      "model": "SIMPLE_RADIAL",
      "width": 474,
      "height": 474,
      "params": [
        568.8,
        237.0,
        237.0,
        -0.7377916966006295
      ]
    },
    "79": {
      "model": "SIMPLE_RADIAL",
      "width": 384,
      "height": 480,
      "params": [
        576.0,
        192.0,
        240.0,
        0.04960482299718853
      ]
    },
    "78": {
      "model": "SIMPLE_RADIAL",
      "width": 474,
      "height": 564,
      "params": [
        676.8,
        237.0,
        282.0,
        0.17602023454706864
      ]
    },
    "77": {
      "model": "SIMPLE_RADIAL",
      "width": 474,
      "height": 586,
      "params": [
        703.1999999999999,
        237.0,
        293.0,
        -0.08360769009188171
      ]
    },
    "11": {
      "model": "SIMPLE_RADIAL",
      "width": 474,
      "height": 474,
      "params": [
        568.8,
        237.0,
        237.0,
        0.6238154571062253
      ]
    },
    "71": {
      "model": "SIMPLE_RADIAL",
      "width": 474,
      "height": 474,
      "params": [
        568.8,
        237.0,
        237.0,
        -0.8030966343119005
      ]
    },
    "13": {
      "model": "SIMPLE_RADIAL",
      "width": 474,
      "height": 458,
      "params": [
        568.8,
        237.0,
        229.0,
        -0.1464495132650559
      ]
    },
    "18": {
      "model": "SIMPLE_RADIAL",
      "width": 474,
      "height": 486,
      "params": [
        583.1999999999999,
        237.0,
        243.0,
        -0.7625810763897184
      ]
    },
    "35": {
      "model": "SIMPLE_RADIAL",
      "width": 474,
      "height": 474,
      "params": [
        568.8,
        237.0,
        237.0,
        -0.2527615151355076
      ]
    },
    "94": {
      "model": "SIMPLE_RADIAL",
      "width": 330,
      "height": 412,
      "params": [
        494.4,
        165.0,
        206.0,
        2.6621436057582817
      ]
    },
    "36": {
      "model": "SIMPLE_RADIAL",
      "width": 474,
      "height": 395,
      "params": [
        568.8,
        237.0,
        197.5,
        -0.19589072127701426
      ]
    },
    "74": {
      "model": "SIMPLE_RADIAL",
      "width": 474,
      "height": 466,
      "params": [
        568.8,
        237.0,
        233.0,
        -0.6377440111711918
      ]
    },
    "45": {
      "model": "SIMPLE_RADIAL",
      "width": 474,
      "height": 474,
      "params": [
        568.8,
        237.0,
        237.0,
        0.3448715100631924
      ]
    },
    "58": {
      "model": "SIMPLE_RADIAL",
      "width": 474,
      "height": 474,
      "params": [
        568.8,
        237.0,
        237.0,
        0.9078273214021367
      ]
    },
    "17": {
      "model": "SIMPLE_RADIAL",
      "width": 474,
      "height": 474,
      "params": [
        568.8,
        237.0,
        237.0,
        0.16215572167079176
      ]
    },
    "46": {
      "model": "SIMPLE_RADIAL",
      "width": 474,
      "height": 474,
      "params": [
        568.8,
        237.0,
        237.0,
        -0.47937175780911245
      ]
    },
    "25": {
      "model": "SIMPLE_RADIAL",
      "width": 474,
      "height": 585,
      "params": [
        702.0,
        237.0,
        292.5,
        0.3830518867620359
      ]
    },
    "54": {
      "model": "SIMPLE_RADIAL",
      "width": 474,
      "height": 474,
      "params": [
        568.8,
        237.0,
        237.0,
        -0.1904941482170958
      ]
    },
    "67": {
      "model": "SIMPLE_RADIAL",
      "width": 474,
      "height": 568,
      "params": [
        681.6,
        237.0,
        284.0,
        -0.2181856582802856
      ]
    },
    "68": {
      "model": "SIMPLE_RADIAL",
      "width": 474,
      "height": 474,
      "params": [
        568.8,
        237.0,
        237.0,
        -0.7294178086967759
      ]
    }
  },
  "images": {
    "092_8f204d71.jpg": {
      "camera_id": 92,
      "quaternion": [
        0.9962328248261216,
        -0.08468550891792216,
        0.010711222398559903,
        0.015290292116479719
      ],
      "translation": [
        -1.1842309434453622,
        -0.9371608329701185,
        -3.0061996617360136
      ],
      "position": [
        1.1383134800288675,
        0.3787939402158381,
        3.143034732949795
      ],
      "transformation_matrix": [
        [
          0.9993029533634425,
          -0.03227955245514452,
          0.01875201035614076,
          -1.1842309434453622
        ],
        [
          0.028651211175324154,
          0.9851891430926104,
          0.16906052298107574,
          -0.9371608329701185
        ],
        [
          -0.023931475033691873,
          -0.1684054121034815,
          0.9854272685880822,
          -3.0061996617360136
        ],
        [
          0.0,
          0.0,
          0.0,
          1.0
        ]
      ]
    },
    "091_cc106747.jpg": {
      "camera_id": 91,
      "quaternion": [
        0.9975463775202871,
        0.015070728509486288,
        -0.05927568681954128,
        -0.0340659770213344
      ],
      "translation": [
        -0.16106768512215403,
        -3.8905243875745406,
        9.38502404513234
      ],
      "position": [
        -1.2120487314207222,
        3.5703001413288566,
        -9.435289815935896
      ],
      "transformation_matrix": [
        [
          0.9906518043233071,
          0.06617812838210164,
          -0.11928729150591873,
          -0.16106768512215403
        ],
        [
          -0.06975143951518421,
          0.9972247647035506,
          -0.02602893289222291,
          -3.8905243875745406
        ],
        [
          0.117233695141523,
          0.03410606963269614,
          0.99251853218853,
          9.38502404513234
        ],
        [
          0.0,
          0.0,
          0.0,
          1.0
        ]
      ]
    },
    "082_359c4774.jpg": {
      "camera_id": 82,
      "quaternion": [
        0.9828892014120474,
        -0.03235115415574568,
        -0.17168128888666284,
        -0.05837598494751969
      ],
      "translation": [
        1.7485161283907142,
        -0.8195267778413597,
        0.15585966850147076
      ],
      "position": [
        -1.7716560371273125,
        0.5989412285580965,
        0.5056968636945923
      ],
      "transformation_matrix": [
        [
          0.9342355588552423,
          0.12586242613827775,
          -0.3337103088863447,
          1.7485161283907142
        ],
        [
          -0.1036460747685596,
          0.9910912944123963,
          0.08363932881743505,
          -0.8195267778413597
        ],
        [
          0.34126443083846747,
          -0.0435510714741606,
          0.9389578757420107,
          0.15585966850147076
        ],
        [
          0.0,
          0.0,
          0.0,
          1.0
        ]
      ]
    },
    "077_a0ceecbd.jpg": {
      "camera_id": 77,
      "quaternion": [
        0.9926091628463567,
        0.023649513519628948,
        -0.11443131593087885,
        -0.03276010192394485
      ],
      "translation": [
        0.8630999856123456,
        -1.0120530905155503,
        3.0308819912887786
      ],
      "position": [
        -1.5937736999121315,
        0.7922652130183743,
        -2.7906343210843807
      ],
      "transformation_matrix": [
        [
          0.9716644993125202,
          0.059623464784623936,
          -0.22872066636582275,
          0.8630999856123456
        ],
        [
          -0.07044844459732894,
          0.9967349524644352,
          -0.03945188448651152,
          -1.0120530905155503
        ],
        [
          0.22562162447240372,
          0.054447010779258426,
          0.9726923488892245,
          3.0308819912887786
        ],
        [
          0.0,
          0.0,
          0.0,
          1.0
        ]
      ]
    },
    "068_d9509f11.jpg": {
      "camera_id": 68,
      "quaternion": [
        0.9998786922211861,
        -0.003842504772931713,
        -0.009520738533980038,
        0.011712879103291787
      ],
      "translation": [
        -0.6716056490337721,
        -0.22510491587912204,
        -0.300275068328001
      ],
      "position": [
        0.6822786594256226,
        0.2069803726073191,
        0.28904401719135636
      ],
      "transformation_matrix": [
        [
          0.9995443280017585,
          -0.023349749513371196,
          -0.01912918077638997,
          -0.6716056490337721
        ],
        [
          0.02349608344640581,
          0.9996960872403633,
          0.007461046775580134,
          -0.22510491587912204
        ],
        [
          0.018949153600953283,
          -0.007907107813270373,
          0.9997891813896752,
          -0.300275068328001
        ],
        [
          0.0,
          0.0,
          0.0,
          1.0
        ]
      ]
    },
    "067_ee6435dc.jpg": {
      "camera_id": 67,
      "quaternion": [
        0.9999360461359987,
        -0.007750821797269066,
        0.007738339153154031,
        -0.0028189548637056667
      ],
      "translation": [
        -0.971216134872668,
        0.17524891669207163,
        -2.306820875334608
      ],
      "position": [
        0.9364945426513175,
        -0.20572417086207878,
        2.3186312883737434
      ],
      "transformation_matrix": [
        [
          0.9998643432012543,
          0.005517592185733521,
          0.015519386946534723,
          -0.971216134872668
        ],
        [
          -0.005757506136865229,
          0.9998639565098867,
          0.015457024146946314,
          0.17524891669207163
        ],
        [
          -0.015431990079322213,
          -0.015544280262117465,
          0.9997600857372355,
          -2.306820875334608
        ],
        [
          0.0,
          0.0,
          0.0,
          1.0
        ]
      ]
    },
    "058_3743cf7d.jpg": {
      "camera_id": 58,
      "quaternion": [
        0.9775082578830475,
        0.19912304577033263,
        -0.051768064162728056,
        -0.046343132678308044
      ],
      "translation": [
        -0.6687596644225169,
        -0.6622528097100417,
        9.995636502959307
      ],
      "position": [
        -0.23850521807184488,
        -3.2854559101986736,
        -9.484063585568848
      ],
      "transformation_matrix": [
        [
          0.9903447631728088,
          0.06998516055899881,
          -0.11966339188625891,
          -0.6687596644225169
        ],
        [
          -0.11121801899786449,
          0.9164046533934135,
          -0.38449065461866344,
          -0.6622528097100417
        ],
        [
          0.0827514489684856,
          0.3940870316826333,
          0.9153401603519794,
          9.995636502959307
        ],
        [
          0.0,
          0.0,
          0.0,
          1.0
        ]
      ]
    },
    "011_c2d9c2a1.jpg": {
      "camera_id": 11,
      "quaternion": [
        0.9895337883726806,
        0.07797731907293352,
        -0.11754867781578109,
        -0.030409336111967902
      ],
      "translation": [
        0.5896034578510243,
        1.1064802245299818,
        0.3301519522661455
      ],
      "position": [
        -0.560584220201976,
        -1.1689629875702676,
        -0.01420922666042862
      ],
      "transformation_matrix": [
        [
          0.9705151612419821,
          0.04184986961626227,
          -0.23737925396409706,
          0.5896034578510243
        ],
        [
          -0.07851439264283278,
          0.9859896199748546,
          -0.14717322939233535,
          1.1064802245299818
        ],
        [
          0.22789429994490104,
          0.1614715384052054,
          0.9602036921079192,
          0.3301519522661455
        ],
        [
          0.0,
          0.0,
          0.0,
          1.0
        ]
      ]
    },
    "078_8a19b2b4.jpg": {
      "camera_id": 78,
      "quaternion": [
        0.9965278696785567,
        -0.07842380713401459,
        -0.026215027939710724,
        -0.009730556954494485
      ],
      "translation": [
        -0.3839052730860973,
        -1.0751202692918644,
        -1.324689192354503
      ],
      "position": [
        0.4381093009069731,
        0.8643387789398502,
        1.4556946878263723
      ],
      "transformation_matrix": [
        [
          0.998436177142951,
          0.02350530697560986,
          -0.0507217972488359,
          -0.3839052730860973
        ],
        [
          -0.015281777794983152,
          0.9875100454719244,
          0.15681319255554513,
          -1.0751202692918644
        ],
        [
          0.053774226536459184,
          -0.15579284526582107,
          0.9863249575694542,
          -1.324689192354503
        ],
        [
          0.0,
          0.0,
          0.0,
          1.0
        ]
      ]
    },
    "046_b67077e0.jpg": {
      "camera_id": 46,
      "quaternion": [
        0.9969707293254474,
        -0.021843011800810004,
        -0.027074513426854966,
        -0.06956449113200211
      ],
      "translation": [
        -0.8910440786860492,
        -0.5007677203050068,
        -0.4324437889450571
      ],
      "position": [
        0.836905559601863,
        0.6028860752681072,
        0.40969861485415293
      ],
      "transformation_matrix": [
        [
          0.9888555045924893,
          0.13989030075061948,
          -0.05094599879317909,
          -0.8910440786860492
        ],
        [
          -0.13752474508548357,
          0.9893673288180306,
          0.04732053630980726,
          -0.5007677203050068
        ],
        [
          0.057023990796033756,
          -0.03978683731306436,
          0.9975797071163375,
          -0.4324437889450571
        ],
        [
          0.0,
          0.0,
          0.0,
          1.0
        ]
      ]
    },
    "017_f308fc36.jpg": {
      "camera_id": 17,
      "quaternion": [
        0.9808298597057685,
        0.18456748730978964,
        -0.017784714387899244,
        -0.05992773040800071
      ],
      "translation": [
        -1.2253598360640392,
        -0.33561119250409327,
        6.362387759826006
      ],
      "position": [
        1.092903229251713,
        -1.8707777743754255,
        -6.11554352916818
      ],
      "transformation_matrix": [
        [
          0.9921847421245736,
          0.11099285472293526,
          -0.057008979079147086,
          -1.2253598360640392
        ],
        [
          -0.12412277491132255,
          0.9246870195125932,
          -0.35992701023017176,
          -0.33561119250409327
        ],
        [
          0.012766136592814427,
          0.364190200507057,
          0.931237093124583,
          6.362387759826006
        ],
        [
          0.0,
          0.0,
          0.0,
          1.0
        ]
      ]
    },
    "018_e4ed6557.jpg": {
      "camera_id": 18,
      "quaternion": [
        0.986398363666358,
        -0.022557326336686927,
        -0.1340966136799368,
        -0.0923446445899563
      ],
      "translation": [
        0.9155815770165875,
        -0.3712984170081685,
        -1.913216511178175
      ],
      "position": [
        -0.41833113785812126,
        0.15449395932627497,
        2.106580222284393
      ],
      "transformation_matrix": [
        [
          0.9469811296302569,
          0.18822693478461452,
          -0.2603792640472568,
          0.9155815770165875
        ],
        [
          -0.17612749048292262,
          0.9819272672881897,
          0.06926722783637293,
          -0.3712984170081685
        ],
        [
          0.26871145718110084,
          -0.019734811312411185,
          0.963018530456228,
          -1.913216511178175
        ],
        [
          0.0,
          0.0,
          0.0,
          1.0
        ]
      ]
    },
    "013_5928728c.jpg": {
      "camera_id": 13,
      "quaternion": [
        0.9913116049208569,
        -0.04676199732460551,
        -0.08841905122923935,
        -0.08542065871421158
      ],
      "translation": [
        0.44002277529509154,
        -0.3522554959732243,
        -3.0125216275756563
      ],
      "position": [
        0.0687014859309758,
        0.03362561205699044,
        3.063843983932192
      ],
      "transformation_matrix": [
        [
          0.9697707648891026,
          0.1776262834408154,
          -0.16731278193075344,
          0.44002277529509154
        ],
        [
          -0.161087677692712,
          0.9810332533420876,
          0.1078170484320935,
          -0.3522554959732243
        ],
        [
          0.18329054438779346,
          -0.07760579403654452,
          0.9799907739718695,
          -3.0125216275756563
        ],
        [
          0.0,
          0.0,
          0.0,
          1.0
        ]
      ]
    },
    "071_30155b02.jpg": {
      "camera_id": 71,
      "quaternion": [
        0.9777134802319157,
        0.0034876372296449975,
        -0.1594532126163426,
        -0.13652421010823468
      ],
      "translation": [
        1.528387477810916,
        -0.9111832685943826,
        0.7260733706881974
      ],
      "position": [
        -1.8636565455604697,
        0.4343072970287653,
        -0.177671671504664
      ],
      "transformation_matrix": [
        [
          0.9118716260813,
          0.2658508912802563,
          -0.3127514047184106,
          1.528387477810916
        ],
        [
          -0.26807535112308534,
          0.962697952881754,
          0.03671862793616793,
          -0.9111832685943826
        ],
        [
          0.3108468170467252,
          0.050358267670498356,
          0.9491250187457637,
          0.7260733706881974
        ],
        [
          0.0,
          0.0,
          0.0,
          1.0
        ]
      ]
    },
    "074_2a4ca70b.jpg": {
      "camera_id": 74,
      "quaternion": [
        0.9517547630236268,
        -0.03346149920860637,
        -0.2781051299173485,
        -0.12530257717304616
      ],
      "translation": [
        3.367681187673949,
        -0.7629077168832489,
        -0.9784727721308721
      ],
      "position": [
        -2.3825823596976186,
        -0.12280532495945722,
        2.68121873100906
      ],
      "transformation_matrix": [
        [
          0.813913601734895,
          0.257126278456442,
          -0.5209901398664574,
          3.367681187673949
        ],
        [
          -0.21990302011788707,
          0.9663591844490105,
          0.13338886150678203,
          -0.7629077168832489
        ],
        [
          0.5377613882141064,
          0.006000296507972319,
          0.8430757295687343,
          -0.9784727721308721
        ],
        [
          0.0,
          0.0,
          0.0,
          1.0
        ]
      ]
    },
    "045_60fc8dc5.jpg": {
      "camera_id": 45,
      "quaternion": [
        0.999680104235447,
        0.006704945330601655,
        0.002892321345697751,
        -0.024215023872646364
      ],
      "translation": [
        -1.1300069766737995,
        -0.04979368266157061,
        -3.131036951768263
      ],
      "position": [
        1.1071312153151087,
        0.146018274992353,
        3.136196216269943
      ],
      "transformation_matrix": [
        [
          0.9988105341921608,
          0.04845334089114478,
          0.005458071386208456,
          -1.1300069766737995
        ],
        [
          -0.04837576946513904,
          0.9987373526539217,
          -0.013545676154844543,
          -0.04979368266157061
        ],
        [
          -0.006107513031189688,
          0.0132655256331108,
          0.9998933563706938,
          -3.131036951768263
        ],
        [
          0.0,
          0.0,
          0.0,
          1.0
        ]
      ]
    },
    "054_b8e917f6.jpg": {
      "camera_id": 54,
      "quaternion": [
        0.9912940501741055,
        0.129048109683406,
        0.0017813326093805214,
        -0.026067572397375033
      ],
      "translation": [
        -1.0941061265789604,
        0.34729055915606544,
        3.520781635650163
      ],
      "position": [
        1.1465227759496994,
        -1.1786659822122292,
        -3.318104022063242
      ],
      "transformation_matrix": [
        [
          0.9986346170468847,
          0.05214101405191716,
          -0.00319629304971311,
          -1.0941061265789604
        ],
        [
          -0.0512215036280853,
          0.9653341341128944,
          -0.25594211666426914,
          0.34729055915606544
        ],
        [
          -0.01025959071795321,
          0.2557563765972338,
          0.9666868244825487,
          3.520781635650163
        ],
        [
          0.0,
          0.0,
          0.0,
          1.0
        ]
      ]
    },
    "025_61e2c5e5.jpg": {
      "camera_id": 25,
      "quaternion": [
        0.9962237071928978,
        -0.02037700087339012,
        -0.012976854036367646,
        -0.08339486987557582
      ],
      "translation": [
        -0.6596263555180709,
        -0.10509140622944434,
        -0.5277688830250027
      ],
      "position": [
        0.6482623324609548,
        0.19320950340872506,
        0.5168337861940047
      ],
      "transformation_matrix": [
        [
          0.9857537938755092,
          0.16668875158869675,
          -0.022457024599040865,
          -0.6596263555180709
        ],
        [
          -0.16563103412456506,
          0.9852601470276833,
          0.04276450881063768,
          -0.10509140622944434
        ],
        [
          0.02925437394420432,
          -0.0384356965956088,
          0.9988327581894493,
          -0.5277688830250027
        ],
        [
          0.0,
          0.0,
          0.0,
          1.0
        ]
      ]
    },
    "079_b055b519.jpg": {
      "camera_id": 79,
      "quaternion": [
        0.9979140440083446,
        -0.05848136943379054,
        -0.026042322840191732,
        0.008323918617289922
      ],
      "translation": [
        -0.5534690616960379,
        -0.5913838891925709,
        -2.8248558708580767
      ],
      "position": [
        0.7083421669456714,
        0.2488094172001225,
        2.8411650508570974
      ],
      "transformation_matrix": [
        [
          0.9985050195998799,
          -0.01356712917288968,
          -0.052949587721242294,
          -0.5534690616960379
        ],
        [
          0.019659091984614855,
          0.9930212836160025,
          0.11628521138978591,
          -0.5913838891925709
        ],
        [
          0.051002411082064145,
          -0.11715230809349371,
          0.9918034537004715,
          -2.8248558708580767
        ],
        [
          0.0,
          0.0,
          0.0,
          1.0
        ]
      ]
    },
    "086_8eefe9d0.jpg": {
      "camera_id": 86,
      "quaternion": [
        0.9846395297037035,
        0.015035542657412703,
        -0.1714091114674006,
        -0.029628457736157108
      ],
      "translation": [
        1.7437827679119222,
        0.07466921607644657,
        -4.146403942431791
      ],
      "position": [
        -0.23757697422260105,
        -0.0023727075978752232,
        4.492501645952712
      ],
      "transformation_matrix": [
        [
          0.9394821419962659,
          0.05319224336767696,
          -0.3384433336847127,
          1.7437827679119222
        ],
        [
          -0.0635011593970262,
          0.9977921738983477,
          -0.019452004072661393,
          0.07466921607644657
        ],
        [
          0.33666141392405136,
          0.03976635453147787,
          0.9407856979259067,
          -4.146403942431791
        ],
        [
          0.0,
          0.0,
          0.0,
          1.0
        ]
      ]
    },
    "035_014caeb7.jpg": {
      "camera_id": 35,
      "quaternion": [
        0.9765515318789839,
        0.21525839319821644,
        0.0033056181245606554,
        -5.129665078884729e-05
      ],
      "translation": [
        -1.0384150616239625,
        -0.039239586281603324,
        6.408383643287208
      ],
      "position": [
        1.0799596861330871,
        -2.6570371965722623,
        -5.824179505926033
      ],
      "transformation_matrix": [
        [
          0.9999781405149364,
          0.001523311737855877,
          0.00643412881744277,
          -1.0384150616239625
        ],
        [
          0.0013229364462234365,
          0.9073276430527514,
          -0.420422166389331,
          -0.039239586281603324
        ],
        [
          -0.006478296955943799,
          0.4204214881207767,
          0.9073057940930732,
          6.408383643287208
        ],
        [
          0.0,
          0.0,
          0.0,
          1.0
        ]
      ]
    },
    "094_7858a9ff.jpg": {
      "camera_id": 94,
      "quaternion": [
        0.9941353400533316,
        0.012560043120039123,
        0.10710537696424591,
        0.008099950568770456
      ],
      "translation": [
        -2.7167446718718384,
        0.18621965145514874,
        -0.2596772636155882
      ],
      "position": [
        2.595310905342812,
        -0.21564453152247268,
        0.8370605668672416
      ],
      "transformation_matrix": [
        [
          0.9769256580522606,
          -0.01341439792008164,
          0.21315795215660963,
          -2.7167446718718384
        ],
        [
          0.018795390532317536,
          0.9995532722352125,
          -0.02323766895832937,
          0.18621965145514874
        ],
        [
          -0.21275100924295384,
          0.026707861994569038,
          0.9767413670843391,
          -0.2596772636155882
        ],
        [
          0.0,
          0.0,
          0.0,
          1.0
        ]
      ]
    },
    "036_7ec2e5de.jpg": {
      "camera_id": 36,
      "quaternion": [
        0.996032845188422,
        -0.028042355732180967,
        -0.07432855553000814,
        -0.04009318425455209
      ],
      "translation": [
        0.14939726920013618,
        -1.0171770217263163,
        2.167425634063464
      ],
      "position": [
        -0.5500647698698773,
        1.1079112608575503,
        -2.055398721363064
      ],
      "transformation_matrix": [
        [
          0.985735604818306,
          0.08403695236191364,
          -0.1458187506159952,
          0.14939726920013618
        ],
        [
          -0.075699561180987,
          0.9952123257226407,
          0.06182235167589877,
          -1.0171770217263163
        ],
        [
          0.1503159799572033,
          -0.04990207778694148,
          0.9873777842356246,
          2.167425634063464
        ],
        [
          0.0,
          0.0,
          0.0,
          1.0
        ]
      ]
    }
  }
}