{
  "cameras": {
    "88": {
      "model": "SIMPLE_RADIAL",
      "width": 474,
      "height": 474,
      "params": [
        568.8,
        237.0,
        237.0,
        -0.36324897117207877
      ]
    },
    "5": {
      "model": "SIMPLE_RADIAL",
      "width": 474,
      "height": 495,
      "params": [
        594.0,
        237.0,
        247.5,
        -0.5010657305086631
      ]
    },
    "89": {
      "model": "SIMPLE_RADIAL",
      "width": 474,
      "height": 474,
      "params": [
        568.8,
        237.0,
        237.0,
        -0.18631578070389238
      ]
    },
    "31": {
      "model": "SIMPLE_RADIAL",
      "width": 474,
      "height": 521,
      "params": [
        625.1999999999999,
        237.0,
        260.5,
        -0.6277878474900346
      ]
    },
    "8": {
      "model": "SIMPLE_RADIAL",
      "width": 474,
      "height": 568,
      "params": [
        681.6,
        237.0,
        284.0,
        -0.5430195838886166
      ]
    },
    "47": {
      "model": "SIMPLE_RADIAL",
      "width": 474,
      "height": 474,
      "params": [
        568.8,
        237.0,
        237.0,
        0.07414172512228098
      ]
    },
    "11": {
      "model": "SIMPLE_RADIAL",
      "width": 474,
      "height": 474,
      "params": [
        568.8,
        237.0,
        237.0,
        0.05543936045327075
      ]
    },
    "82": {
      "model": "SIMPLE_RADIAL",
      "width": 474,
      "height": 474,
      "params": [
        568.8,
        237.0,
        237.0,
        -1.5521003490377852
      ]
    },
    "24": {
      "model": "SIMPLE_RADIAL",
      "width": 474,
      "height": 545,
      "params": [
        654.0,
        237.0,
        272.5,
        -0.18847308373654723
      ]
    },
    "13": {
      "model": "SIMPLE_RADIAL",
      "width": 474,
      "height": 474,
      "params": [
        568.8,
        237.0,
        237.0,
        0.13324208366553772
      ]
    },
    "78": {
      "model": "SIMPLE_RADIAL",
      "width": 474,
      "height": 592,
      "params": [
        710.4,
        237.0,
        296.0,
        -2.2599180288427303
      ]
    },
    "20": {
      "model": "SIMPLE_RADIAL",
      "width": 474,
      "height": 474,
      "params": [
        568.8,
        237.0,
        237.0,
        -0.5291314835732913
      ]
    },
    "23": {
      "model": "SIMPLE_RADIAL",
      "width": 474,
      "height": 474,
      "params": [
        568.8,
        237.0,
        237.0,
        -0.45730598079710666
      ]
    },
    "28": {
      "model": "SIMPLE_RADIAL",
      "width": 474,
      "height": 468,
      "params": [
        568.8,
        237.0,
        234.0,
        1.0764849676903736
      ]
    },
    "61": {
      "model": "SIMPLE_RADIAL",
      "width": 474,
      "height": 545,
      "params": [
        654.0,
        237.0,
        272.5,
        -0.8343176150986382
      ]
    },
    "16": {
      "model": "SIMPLE_RADIAL",
      "width": 474,
      "height": 407,
      "params": [
        568.8,
        237.0,
        203.5,
        -1.2399519805560502
      ]
    },
    "74": {
      "model": "SIMPLE_RADIAL",
      "width": 474,
      "height": 568,
      "params": [
        681.6,
        237.0,
        284.0,
        -0.5998989327997781
      ]
    }
  },
  "images": {
    "088_2ec116fe.jpg": {
      "camera_id": 88,
      "quaternion": [
        1.0,
        0.0,
        0.0,
        0.0
      ],
      "translation": [
        -0.21777985908382205,
        -2.517586096923817,
        6.624999485584444
      ],
      "position": [
        0.21777985908382205,
        2.517586096923817,
        -6.624999485584444
      ],
      "transformation_matrix": [
        [
          1.0,
          0.0,
          0.0,
          -0.21777985908382205
        ],
        [
          0.0,
          1.0,
          0.0,
          -2.517586096923817
        ],
        [
          0.0,
          0.0,
          1.0,
          6.624999485584444
        ],
        [
          0.0,
          0.0,
          0.0,
          1.0
        ]
      ]
    },
    "047_54ea04fa.jpg": {
      "camera_id": 47,
      "quaternion": [
        0.9994981798403433,
        0.00466901753225302,
        0.017984132551938654,
        0.02565462429034219
      ],
      "translation": [
        -0.6472589397912223,
        0.7573246574117775,
        0.1103011893894401
      ],
      "position": [
        0.6109617410165643,
        -0.7905110232730169,
        -0.0804313206537404
      ],
      "transformation_matrix": [
        [
          0.9980368224577514,
          -0.05111556410499503,
          0.03618977928453025,
          -0.6472589397912223
        ],
        [
          0.05145143702574448,
          0.9986400810556098,
          -0.00841059672264369,
          0.7573246574117775
        ],
        [
          -0.03571065172215036,
          0.010256101377874485,
          0.9993095425032756,
          0.1103011893894401
        ],
        [
          0.0,
          0.0,
          0.0,
          1.0
        ]
      ]
    },
    "005_3ba56da0.jpg": {
      "camera_id": 5,
      "quaternion": [
        0.9772012683510075,
        -0.15326975951410812,
        -0.12116341119278297,
        0.08309927640959563
      ],
      "translation": [
        2.2252004477191756,
        -0.97452110708618,
        -2.5730336721108804
      ],
      "position": [
        -1.3909110535799138,
        0.37145444424629026,
        3.232506571591369
      ],
      "transformation_matrix": [
        [
          0.9568278760966604,
          -0.12526806282216194,
          -0.2622752904128346,
          2.2252004477191756
        ],
        [
          0.19955081040386932,
          0.9392057821573782,
          0.27941362319920354,
          -0.97452110708618
        ],
        [
          0.21132886596845413,
          -0.31968799038895784,
          0.9236556172132321,
          -2.5730336721108804
        ],
        [
          0.0,
          0.0,
          0.0,
          1.0
        ]
      ]
    },
    "008_d5553651.jpg": {
      "camera_id": 8,
      "quaternion": [
        0.9960578933633918,
        -0.05236402519186138,
        -0.0416621482131987,
        0.05823184129365782
      ],
      "translation": [
        0.3070944088418594,
        -0.6688411313326598,
        -0.2351806416500443
      ],
      "position": [
        -0.20535398530567076,
        0.6692476079542118,
        0.32695985851149034
      ],
      "transformation_matrix": [
        [
          0.9897466361316234,
          -0.11164137477409836,
          -0.08909433037340334,
          0.3070944088418594
        ],
        [
          0.12036776588843034,
          0.9877341230505127,
          0.09946307403585838,
          -0.6688411313326598
        ],
        [
          0.07689731595552504,
          -0.10916732844667373,
          0.9910445485439351,
          -0.2351806416500443
        ],
        [
          0.0,
          0.0,
          0.0,
          1.0
        ]
      ]
    },
    "061_2de5a089.jpg": {
      "camera_id": 61,
      "quaternion": [
        0.9967157108434942,
        0.010545734989180539,
        0.04268114076912702,
        0.06800661331026546
      ],
      "translation": [
        -0.8739148428611601,
        0.5515011075268135,
        -1.617814861289348
      ],
      "position": [
        0.6520594906542496,
        -0.6205622892286728,
        1.6955607967336381
      ],
      "transformation_matrix": [
        [
          0.987106841537428,
          -0.13466631185602548,
          0.08651628656558684,
          -0.8739148428611601
        ],
        [
          0.136466727854374,
          0.990527776039212,
          -0.015216999820362322,
          0.5515011075268135
        ],
        [
          -0.08364756767965988,
          0.026827399164070433,
          0.9961342153923679,
          -1.617814861289348
        ],
        [
          0.0,
          0.0,
          0.0,
          1.0
        ]
      ]
    },
    "011_17b8991d.jpg": {
      "camera_id": 11,
      "quaternion": [
        0.9731687238128078,
        -0.12489774764881904,
        -0.1916134709658812,
        0.025049258855507503
      ],
      "translation": [
        2.919544859647124,
        -0.9378929088634737,
        -2.722060767883619
      ],
      "position": [
        -1.6127317734042257,
        0.2222085428723226,
        3.7633389045588905
      ],
      "transformation_matrix": [
        [
          0.9253136247503944,
          -0.0008901286601199349,
          -0.37920166603306843,
          2.919544859647124
        ],
        [
          0.09661849243136371,
          0.9675461745260834,
          0.23349361250413744,
          -0.9378929088634737
        ],
        [
          0.36668728198776795,
          -0.252692714241844,
          0.8953696607533186,
          -2.722060767883619
        ],
        [
          0.0,
          0.0,
          0.0,
          1.0
        ]
      ]
    },
    "031_e8d3b475.jpg": {
      "camera_id": 31,
      "quaternion": [
        0.9988678311981378,
        0.009803438766097653,
        -0.008226154346622461,
        0.045817887015372705
      ],
      "translation": [
        -0.2650421803525792,
        -2.372244692083628,
        6.174896207537623
      ],
      "position": [
        0.37362379083206154,
        2.2212474463254996,
        -6.2252389878192025
      ],
      "transformation_matrix": [
        [
          0.9956661032282242,
          -0.09169331606708847,
          -0.015535336203129451,
          -0.2650421803525792
        ],
        [
          0.09137073766541814,
          0.9956092276356119,
          -0.020338489258000553,
          -2.372244692083628
        ],
        [
          0.0173320276021182,
          0.018830869216302296,
          0.9996724459460499,
          6.174896207537623
        ],
        [
          0.0,
          0.0,
          0.0,
          1.0
        ]
      ]
    },
    "089_a49ffdf2.jpg": {
      "camera_id": 89,
      "quaternion": [
        0.9975668910297248,
        0.011563637000936029,
        -0.0512101680012414,
        0.045870457964623614
      ],
      "translation": [
        0.13679792655704984,
        -0.7620704862191056,
        3.073237768246843
      ],
      "position": [
        -0.3839208402005052,
        0.7148767886280344,
        -3.0636271712458703
      ],
      "transformation_matrix": [
        [
          0.9905468395588006,
          -0.09270205187080512,
          -0.10111027751427736,
          0.13679792655704984
        ],
        [
          0.0903333486967119,
          0.9955243667708525,
          -0.027769070541364606,
          -0.7620704862191056
        ],
        [
          0.10323199481415578,
          0.018372935106715574,
          0.9944876019851904,
          3.073237768246843
        ],
        [
          0.0,
          0.0,
          0.0,
          1.0
        ]
      ]
    },
    "013_025c288f.jpg": {
      "camera_id": 13,
      "quaternion": [
        0.992776708257842,
        -0.07080003982002343,
        -0.08053616617055986,
        -0.053811595783388295
      ],
      "translation": [
        1.0456153910237778,
        0.04388255185272962,
        -2.749252485656508
      ],
      "position": [
        -0.5612293470530623,
        -0.529485284327015,
        2.838713336685996
      ],
      "transformation_matrix": [
        [
          0.9812364761955864,
          0.11824972539952293,
          -0.15228913364454422,
          1.0456153910237778
        ],
        [
          -0.09544187031221228,
          0.9841833330414567,
          0.14924482019392193,
          0.04388255185272962
        ],
        [
          0.16752858614151578,
          -0.13190970171426608,
          0.9770025606000622,
          -2.749252485656508
        ],
        [
          0.0,
          0.0,
          0.0,
          1.0
        ]
      ]
    },
    "074_d205687c.jpg": {
      "camera_id": 74,
      "quaternion": [
        0.9928065257073682,
        -0.0842586441433539,
        -0.07096909882740353,
        0.04689424710574691
      ],
      "translation": [
        0.9216673435301036,
        0.0024845191446037766,
        -2.7108679165853675
      ],
      "position": [
        -0.5480053923571295,
        -0.3992267336869577,
        2.7818320997490593
      ],
      "transformation_matrix": [
        [
          0.9855286332000227,
          -0.08115430900289336,
          -0.14881966023734197,
          0.9216673435301036
        ],
        [
          0.10507334917598421,
          0.9814028209510175,
          0.16064897859098448,
          0.0024845191446037766
        ],
        [
          0.13301467752032745,
          -0.17396114842012222,
          0.9757277357974997,
          -2.7108679165853675
        ],
        [
          0.0,
          0.0,
          0.0,
          1.0
        ]
      ]
    },
    "016_e319349e.jpg": {
      "camera_id": 16,
      "quaternion": [
        0.9943745904933656,
        0.02070613549055716,
        0.053251301591518876,
        0.08918928530382585
      ],
      "translation": [
        -1.251841365666375,
        0.49688876019884376,
        1.4037886835168956
      ],
      "position": [
        1.2790752563363554,
        -0.7789838164031854,
        -1.2416837822833608
      ],
      "transformation_matrix": [
        [
          0.9784191405316037,
          -0.17516986076917052,
          0.10959701327822455,
          -1.251841365666375
        ],
        [
          0.1795803754323806,
          0.9832330546800789,
          -0.03168041893735374,
          0.49688876019884376
        ],
        [
          -0.10220995157499663,
          0.05067820105913795,
          0.9934711096637115,
          1.4037886835168956
        ],
        [
          0.0,
          0.0,
          0.0,
          1.0
        ]
      ]
    },
    "078_fd557ae2.jpg": {
      "camera_id": 78,
      "quaternion": [
        0.9890372017137371,
        -0.00022859996204503336,
        0.11195452248612452,
        0.09628886884381747
      ],
      "translation": [
        -2.2670000903158294,
        0.41278414266759045,
        -1.9137144416101974
      ],
      "position": [
        1.6656494522292375,
        -0.7966392945952032,
        2.3585929828082937
      ],
      "transformation_matrix": [
        [
          0.9563892772633639,
          -0.19051773239412273,
          0.22141035201422238,
          -2.2670000903158294
        ],
        [
          0.19041536119575836,
          0.9814568029576709,
          0.02201213639782309,
          0.41278414266759045
        ],
        [
          -0.22149839854127462,
          0.021107760930731544,
          0.9749322652739224,
          -1.9137144416101974
        ],
        [
          0.0,
          0.0,
          0.0,
          1.0
        ]
      ]
    },
    "020_edd8803c.jpg": {
      "camera_id": 20,
      "quaternion": [
        0.9896529201513256,
        -0.0996256642713711,
        -0.08603010580572125,
        0.05710206256781316
      ],
      "translation": [
        1.3639888154473194,
        -1.2766309190321117,
        -1.3749083888268554
      ],
      "position": [
        -0.9502561265595189,
        1.0891180185634934,
        1.814238216259663
      ],
      "transformation_matrix": [
        [
          0.9786763506911159,
          -0.09588083305733734,
          -0.18165755269228664,
          1.3639888154473194
        ],
        [
          0.1301640588102626,
          0.9736281629379792,
          0.1873646661674882,
          -1.2766309190321117
        ],
        [
          0.15890222903395154,
          -0.20701465210522374,
          0.9653470958270889,
          -1.3749083888268554
        ],
        [
          0.0,
          0.0,
          0.0,
          1.0
        ]
      ]
    },
    "023_53e3d0b3.jpg": {
      "camera_id": 23,
      "quaternion": [
        0.9988254850040775,
        -0.023149093609021884,
        0.04250017295458831,
        -0.0023463312383716238
      ],
      "translation": [
        -1.097655795171156,
        0.714380930042158,
        -2.6225451258019445
      ],
      "position": [
        0.8760619466934755,
        -0.8324218911217917,
        2.6706779205821727
      ],
      "transformation_matrix": [
        [
          0.9963764600570999,
          0.0027194699100427404,
          0.08500914261119735,
          -1.097655795171156
        ],
        [
          -0.00665483183854428,
          0.9989172283896012,
          0.046044370335993054,
          0.714380930042158
        ],
        [
          -0.08479188084529801,
          -0.04644324826975124,
          0.9953157095278217,
          -2.6225451258019445
        ],
        [
          0.0,
          0.0,
          0.0,
          1.0
        ]
      ]
    },
    "028_7214d33e.jpg": {
      "camera_id": 28,
      "quaternion": [
        0.9900210645989871,
        -0.11203491586126874,
        0.045457199343742004,
        0.0723886200039071
      ],
      "translation": [
        -0.3857239794129825,
        -0.9695144014487278,
        -2.057739631681607
      ],
      "position": [
        0.29058720988211284,
        0.43286573179753574,
        2.2474919101950377
      ],
      "transformation_matrix": [
        [
          0.9853870614435064,
          -0.1535181042897694,
          0.0737870638730575,
          -0.3857239794129825
        ],
        [
          0.13314693027470917,
          0.9644161306437767,
          0.22841502120593443,
          -0.9695144014487278
        ],
        [
          -0.10622727567886184,
          -0.21525268548699045,
          0.9707636413115635,
          -2.057739631681607
        ],
        [
          0.0,
          0.0,
          0.0,
          1.0
        ]
      ]
    },
    "024_2a9dc3ca.jpg": {
      "camera_id": 24,
      "quaternion": [
        0.9945982811944535,
        0.0948159934476533,
        0.030191497667499866,
        0.029540817527053266
      ],
      "translation": [
        -0.5180536712788072,
        -2.2745845518866554,
        10.459457250278572
      ],
      "position": [
        1.2324570510344706,
        0.21085036082248698,
        -10.643258533132993
      ],
      "transformation_matrix": [
        [
          0.9964316271368534,
          -0.053037218984939315,
          0.06565870729573024,
          -0.5180536712788072
        ],
        [
          0.06448776636500535,
          0.9802745349727358,
          -0.18682388517863296,
          -2.2745845518866554
        ],
        [
          -0.05445493945139662,
          0.1903914112724892,
          0.9801968017102558,
          10.459457250278572
        ],
        [
          0.0,
          0.0,
          0.0,
          1.0
        ]
      ]
    },
    "082_bf5ea9df.jpg": {
      "camera_id": 82,
      "quaternion": [
        0.9974814845070367,
        -0.05222773889830019,
        -0.030094240155664698,
        0.03738031654042699
      ],
      "translation": [
        0.2595901530843702,
        -0.2376440559852791,
        -0.4644644822494247
      ],
      "position": [
        -0.21385432795217563,
        0.20478705041308545,
        0.5019139274755774
      ],
      "transformation_matrix": [
        [
          0.9953940972895814,
          -0.0714288390337905,
          -0.06394147351558586,
          0.2595901530843702
        ],
        [
          0.0777158555025617,
          0.991749950449817,
          0.10194254061131999,
          -0.2376440559852791
        ],
        [
          0.05613231586674893,
          -0.1064422695035695,
          0.9927331999980483,
          -0.4644644822494247
        ],
        [
          0.0,
          0.0,
          0.0,
          1.0
        ]
      ]
    }
  }
}